matrix dimension is 100.
--------------------------------------------------------------------------------------------------------------------------------------------------------------------------------------------------------------------------------------------------------------------------------------------------------------------------------------------------------------------------------------------------------------------------------------------------------------------------------------------------------------------
original matrix is: 
--------------------------------------------------------------------------------------------------------------------------------------------------------------------------------------------------------------------------------------------------------------------------------------------------------------------------------------------------------------------------------------------------------------------------------------------------------------------------------------------------------------------
 6.8901 -7.9009  6.3233 -0.6566  9.6068  7.4367 -5.6404 -3.0707 -5.1861  1.5476  0.2701 -3.9807 -1.8685  0.3157 -8.5976 -1.5607 -6.3058  2.4199  5.0805  8.7833  0.1213 -9.1732  9.4988  6.5899  0.4143 -0.1076 -1.9500 -3.4425  8.1712 -9.0266  9.3369  5.0613 -6.9275  5.6602 -5.5953 -7.3206  3.0969 -1.2357 -0.3913  7.9108 -9.6881  9.8787 -6.0699 -1.5566  0.1944 -4.6675  6.8827  3.8886  7.7524  1.9632  2.6720 -2.1263  2.7900  2.1708 -5.5364 -6.7957 -7.9368  2.5136 -0.2382 -9.7656  3.4870 -0.9013  5.2957  6.5595 -5.2411  9.7004  9.2389  7.8559 -1.5353 -1.1524  5.7667 -1.2234 -1.2737  9.6969  7.2200  8.9208 -4.9706  4.1027  2.8094 -7.2182 -3.9341 -4.5187  0.6555  8.8559  7.6521  5.1191 -7.9398  9.7153 -2.3673  1.8220  9.9498 -8.8803 -9.0793  5.2455  7.6792 -4.3204  4.9459  6.9181 -6.4645 -6.5894 
-7.9009 -4.2343  9.3022  2.1872  4.4920  8.9991 -0.5927  3.4127 -5.9715 -6.4900 -3.7779 -3.1897 -0.4240  1.7034  7.4658 -1.5681 -0.6444  2.5849  0.4921 -0.9291 -9.7824 -7.6859 -0.9793 -8.6628 -6.7652 -5.7338  9.0164 -1.0856  9.2121  5.9345  2.4499 -7.3773 -8.2998  1.7521  4.8100  6.1922  0.7512 -5.7828 -0.3951  4.7797 -2.2728  5.8270 -8.4100  7.3032 -2.4696  9.0558 -4.2649  6.8860  1.6407  6.2272 -4.0431  1.8583  8.5412  4.9776  3.1955 -8.2240  9.2438  2.2119  0.6904  8.4559 -1.8535 -6.8598 -8.9214 -0.1533  4.8923  5.8886 -3.9611 -4.3565 -9.8942  5.6438 -9.5768 -2.1670  1.4707 -7.9868 -4.8638  9.0012 -8.9310  0.8713  5.8872  2.7097 -2.9015 -8.1559 -5.4320 -4.3603  6.8217  7.7634 -2.5843  6.0655 -0.0246  8.1061  4.5213  8.1219 -8.7537  5.5999 -2.0314  6.1386  1.4885  4.0074 -8.2178  1.5942 
 6.3233  9.3022 -0.3488 -7.7946  9.4273 -8.8781 -5.7814 -5.4365 -9.8769 -4.7123  5.4348  6.0103  7.9974 -7.4667  7.8544 -7.4347 -1.8270  4.6761 -9.6712  5.5887  0.7415  0.3042  3.6948 -4.7372 -1.5740  4.9411 -9.1373  6.3946  1.0797  2.3512  0.4020  2.8619 -6.0546 -9.9468  5.0673 -6.6273 -8.8249  9.2859 -2.0638 -8.7018 -5.4264 -6.6290  7.3084 -7.4290 -4.0957  5.1628 -4.8637  4.0774 -0.1611 -4.5349 -0.3339 -9.4196  5.7692 -6.6392 -4.1567 -5.8048  8.3019 -3.2940 -9.4102 -0.6184  9.0572  0.9918 -7.7565 -6.9974  1.0449  7.3108 -3.6247  2.2200  6.5968  4.3115  3.5181 -8.8296  7.6826  0.8266 -6.2587 -6.4131 -4.0106 -1.1224  7.6643  5.8283  4.3427 -2.6697  6.4087  0.1119  0.6912 -7.7480  4.3071 -1.0069 -1.0420  4.8969  8.3747 -1.9848 -4.1114 -9.3817  1.0178  6.9336  7.9291  7.3931 -0.8465  4.5259 
-0.6566  2.1872 -7.7946  1.7047 -7.3283  5.6962 -0.6128  3.4983  9.4376  2.9742  9.4877 -1.6848  0.6384  5.3159 -7.3421  7.9688  1.7247  2.7697 -1.3400  3.9766 -2.9232  7.6531 -7.0654 -8.0263  6.0278  0.9498 -2.1377  6.6461 -8.0324 -5.2041  4.5752  9.3607  3.9495 -0.8989  1.0653  6.6211 -5.2027 -9.5474  0.1194 -5.7651  3.4267 -0.3930  2.5501 -5.9348 -5.0770  5.2079 -7.9661  6.6477 -2.0223  0.6939  0.6243  5.0545 -1.6530  3.5589  7.0282 -5.6252 -5.4913 -5.1094 -8.9791 -3.5237 -0.3135  5.5961 -4.1631 -6.3641 -5.3029  6.9023 -9.7429 -0.5056  7.3548  0.3764  3.7293  0.7816  9.9835 -3.7206  4.8467 -5.0935 -8.5126  6.8807 -8.4459 -0.5350 -2.4254  2.1784 -5.4805  5.9215 -4.2627 -8.4523 -9.7037  0.2460 -3.5617 -8.6828  6.7223  6.1248  6.9132 -7.4408  9.7607 -8.3896  9.4615 -9.9823  1.1048  6.8163 
 9.6068  4.4920  9.4273 -7.3283  0.3942 -5.1658 -2.4021  0.3777  1.1136 -7.5554  5.2841  2.6009  9.3253  6.8383 -7.9341 -3.1001 -0.9833 -3.4145 -7.1786  4.7540 -1.8668 -6.8823 -4.9999  4.5715 -5.5651 -8.2777  0.6963 -8.6519 -5.7185  0.4570 -7.0415 -6.2570  0.4747  4.0633 -9.4407 -9.1311  8.8975 -1.8428  1.2466  0.0110  0.6018 -3.4693 -7.3880 -0.0729 -6.6310 -5.3221  6.8270  2.3857  1.2634  9.6484 -2.8603  9.3966 -7.2339  2.1398  3.9682 -2.7990  3.8621 -5.3355 -1.4509  8.1437  5.1215  1.5076 -8.1133 -4.4038 -4.4290 -7.5540 -3.5349 -5.5316  0.6033  7.7117  4.4795 -8.7949 -5.7575  7.0914  1.1323 -2.3885 -8.2307 -2.0407  9.9972  3.0327 -2.3923 -2.8631  2.4293  0.3738  9.2767 -3.6025  7.5748  3.1388  1.0620 -3.8761  1.2825 -3.8165  7.6315  3.1691  1.7797 -6.7975  5.6152  8.2448 -2.3291 -3.7816 
 7.4367  8.9991 -8.8781  5.6962 -5.1658  5.9566 -7.8496 -2.5765 -9.8010  9.2418  8.5558 -2.1895 -8.9889 -3.4849 -2.1923  4.0439  4.1227  4.9446 -3.5268 -5.5035  4.2212  2.8707 -7.9287 -2.6400 -6.0673 -1.8048  8.6425  0.1162 -4.1733  1.8116 -8.1042 -0.9708 -2.5732 -9.8593  6.7001  3.6452  6.0972  8.8505 -8.9312  6.2963  8.0923  9.6245 -5.8932  9.1035 -3.8604  1.9145  3.1473 -9.7377 -3.1410  9.6205 -5.2412 -8.9198  2.4912 -3.1699 -1.5598  6.4239  5.0253 -2.9173 -3.4599 -9.1479  8.8943 -1.5641 -0.1187 -3.6789 -1.4234 -3.4186  9.9663 -5.3261 -4.5681 -8.9649 -9.0299 -6.4758 -9.3404 -4.9231 -7.3723 -3.2008  6.9914  5.7750 -2.9384 -6.1496  5.3955  1.8204 -5.0694 -2.1132  8.6505  3.3709 -5.6893  3.6759 -9.5464  0.8508  4.5280  9.3479  9.2868 -5.5907 -4.3310 -2.1366  0.9907 -4.3647  2.5372  6.4226 
-5.6404 -0.5927 -5.7814 -0.6128 -2.4021 -7.8496 -3.3296  3.5074  9.9468 -2.6699  8.5843 -7.4255  4.1293  5.5757  8.3495 -8.8091  9.4261  3.7450  3.0113 -5.6433 -8.3682  1.6618  7.7276 -4.0575 -4.6623  8.1811  6.7933  9.8657  7.5290  6.0801 -5.7250 -6.8020 -6.0565  5.2657 -1.1666  6.4807  1.6883  5.5038 -0.0119  1.6351 -7.1661 -1.4276  4.2096  6.9632 -5.8519  2.5591  8.1541 -6.4258 -3.6958  1.1654 -2.0691 -2.0640 -7.1727 -4.3415  3.8785 -1.8350 -6.1604  0.6718 -1.9693 -8.6313 -3.2481  2.3057 -5.4333  0.6954 -2.4286  3.4001 -2.8239  9.2596 -1.0961  7.1642  0.8947  1.7378 -4.2634 -4.8957 -1.2990 -0.1153  7.6634 -3.1448  3.4589 -6.0324  8.0206 -8.6102  1.9036 -9.1521 -2.9517 -4.2179 -0.9871  0.8879  6.4539  7.0436  2.2565 -6.7942 -0.6507  6.8232  3.9012  6.9206  0.2233 -8.9227  6.1803  9.1272 
-3.0707  3.4127 -5.4365  3.4983  0.3777 -2.5765  3.5074  8.2415 -2.9250  0.8650 -6.0219  2.1793  9.5661  3.8628 -0.1573 -3.5787 -2.6783  3.8103 -5.5581 -1.2885 -4.2861 -4.7103  5.7598  1.4960  4.3026 -3.3523 -2.0501  1.3462  8.9042  1.1558 -9.3045  5.7274 -4.9430  7.6161 -4.0492 -3.8657  3.7964 -4.9220 -5.6242 -9.1287  5.9430 -1.6461  3.0506  5.5091 -7.7833 -7.1067 -8.0697 -0.4616  6.7036 -3.6278  8.2499 -7.5826  1.6619  4.0097  3.9134 -4.0355 -9.3427 -8.1367  7.3107  9.5615  3.0191  8.0062  5.2890  8.0761  5.6223 -8.7603 -5.7896 -0.5814 -3.6823 -1.4138  0.2900 -7.7393  6.9401 -6.6595  7.7698  9.1569 -3.7662  9.7001 -1.3047 -7.0626 -3.9277 -3.0548 -4.6452  7.7342 -9.0451  9.2682 -6.3013 -8.3878 -8.8684 -8.9906 -8.8262  4.1506  9.0156  6.4628  2.2267  4.6378  7.7025  6.4370 -5.9435 -5.9798 
-5.1861 -5.9715 -9.8769  9.4376  1.1136 -9.8010  9.9468 -2.9250 -4.9768  4.3465 -3.7191 -8.0366  7.6870 -5.9493 -8.8798 -6.0792 -6.2492 -0.1845 -3.1418 -0.1769  6.7607  2.2130 -2.4427  7.7156  1.4813  1.2560  9.3279  2.6128  2.2654 -9.4983 -3.2365  1.2810  6.9644  8.9902 -4.0812  4.6670  5.4272 -0.0247  8.6872 -9.5495 -5.6782 -5.0319 -7.5862 -7.9912 -0.9812 -6.4660 -4.0704  2.7697  3.3495  2.7878 -7.4072  0.1103 -4.9992  0.1501 -2.1741  6.4821 -8.5939 -2.8462 -0.9050  3.6715 -2.3445  5.8584 -5.0476 -5.3801  4.8486  0.8713  9.2869  0.2758 -9.1535  7.9741  0.7263 -4.8317 -7.0578  3.1401 -2.8229  1.9611  6.6741  3.1066 -5.2693  0.0237 -4.1056 -2.6765 -9.8661  0.8953  7.4736 -2.0401 -2.6226  8.8797  5.1137  6.4723  2.5512 -7.2308  2.3308  7.5036 -2.6109 -2.8206 -1.6251 -3.3240  7.4552 -0.7786 
 1.5476 -6.4900 -4.7123  2.9742 -7.5554  9.2418 -2.6699  0.8650  4.3465 -5.3499 -1.8185  4.3897 -2.4077 -8.6784 -8.4332  9.5534  7.9957  4.6734 -5.7159 -1.9807 -9.4322  1.6076 -1.8467  1.4631 -0.9188  6.1131  8.8405 -2.0391  1.2268  5.3128 -9.4879  3.9959 -2.3564  8.0158 -8.6150  4.8230 -3.6093 -1.9390  2.2781  5.6121  2.7111 -9.5404  0.0018 -9.6966 -8.2188  1.5686  9.8568  9.7769 -3.7580 -5.8591 -2.2038 -3.1901  5.7485  5.9494  8.2730 -5.1703  2.0625  7.1134  2.7907 -6.7107  2.4263  3.3028  7.2852 -9.9302  1.3186  8.6703  4.8928  7.7093 -3.2687 -2.8291  3.3214  9.4424 -2.3695 -6.6768  9.7458 -0.5883  4.8918  9.6025 -0.8114 -8.8662 -6.2566  6.9848 -2.0563  9.4919  2.9342 -3.7833 -5.6784 -5.0033 -6.6699  7.1123 -1.7140  5.7564  0.4151 -4.4287  5.8262 -8.2664 -5.7585  0.7190  9.4429  0.9728 
 0.2701 -3.7779  5.4348  9.4877  5.2841  8.5558  8.5843 -6.0219 -3.7191 -1.8185  7.8899  2.7643  0.4152 -4.4795  6.0875  0.1609  4.9322  0.9793 -0.2365 -5.8792  2.1131  3.5069 -8.8945 -9.9432  2.9987  4.0397 -3.7265  7.3203  9.0365 -0.3963  4.4326 -2.6775 -4.6399 -5.1523  2.8938 -8.8137 -3.4187  7.1353  1.9053 -3.9758 -1.8919 -0.2048  8.7885  8.5233  5.3157  4.8759 -1.3157  0.2479 -4.1448  8.4477  4.3687  7.9684  1.9546  5.4742  8.0252 -5.0467 -0.4861 -5.7013 -7.7263 -1.4496  3.9024  6.7063  5.8729  9.2625 -8.4460 -1.2333 -9.5512 -1.8647 -4.0980  2.3541  4.1595  4.0102 -7.8507  2.9480  2.5335  7.4650 -2.1761 -8.7822 -2.2871  3.6792  9.6655 -7.9185  1.6475  1.6201  7.5558 -0.3273  6.5734 -2.9303  3.9714  8.8471  5.6201 -2.1261  5.5534  1.4930 -2.8637  7.1074 -9.7403 -2.4149 -4.7574 -3.8382 
-3.9807 -3.1897  6.0103 -1.6848  2.6009 -2.1895 -7.4255  2.1793 -8.0366  4.3897  2.7643  9.9392  9.4021 -9.8281 -7.9115  2.3501  2.7055  9.5534 -9.8259  3.9232 -2.7337  3.8532  3.5887 -0.6522 -4.4992 -4.7912 -3.0964  5.1735 -8.2177  3.9733 -0.8551 -9.3706 -0.4066  7.0188  6.1828 -8.9136 -5.8449  3.2902 -8.6539  1.7402  8.5328 -2.4921  1.6794  7.9350 -2.3202  3.7678  0.2851 -9.6148  3.3213  0.4592  4.3085 -9.4124 -5.6876 -2.1028 -0.0646 -0.1868  3.1061  6.8390 -5.0134  4.8883  0.8122  4.1315  5.5177 -9.5944  1.1503  1.7006 -8.5080  5.3054 -5.0093 -7.1619 -2.9544 -6.4765  0.3460  8.7250 -8.5415  8.0258  2.4929  1.7436  8.4110 -4.1859 -7.7973  2.7195 -3.5983 -3.4849 -9.3833  6.3371  6.3283  3.7227  3.1761 -8.6850 -1.3889 -6.0117  5.4465 -5.8712 -5.6061 -3.4032  5.8294 -4.1141 -8.0978 -9.1799 
-1.8685 -0.4240  7.9974  0.6384  9.3253 -8.9889  4.1293  9.5661  7.6870 -2.4077  0.4152  9.4021 -1.2760 -1.0522 -5.6564  9.0700 -2.3271 -4.1979  7.0958 -9.8343  7.5457  5.5068 -4.0201  9.7484 -1.7738  2.3816 -3.7365 -1.1571 -1.2813 -7.4081 -7.4343 -8.1052 -6.0932  1.1768 -4.1169  9.3533  5.3056  0.2770 -4.0499  1.1350  6.1629 -2.1477  1.9551 -5.1130  6.8002  6.2987 -6.0430 -5.5269 -7.8992 -8.9473 -5.3612  9.6465  6.5595  0.6187  9.3949 -5.2143 -6.9997 -4.3416  3.6286  1.7190 -1.7497  6.1943  3.6137  2.1571 -2.6289  9.4968  1.5104 -7.3233 -0.2262  7.4605  3.8116 -4.0633 -4.6872 -4.2333  0.8237 -7.8870 -7.9346  4.7807 -3.4139 -5.8338  5.8334  1.2249 -6.1873  2.3929 -8.1565 -6.7924  7.1786 -5.1562 -1.1340  0.8072  6.5628  7.1163 -2.9984  0.1765 -0.7266  4.3726 -0.3268 -9.2162  7.0493  9.4470 
 0.3157  1.7034 -7.4667  5.3159  6.8383 -3.4849  5.5757  3.8628 -5.9493 -8.6784 -4.4795 -9.8281 -1.0522  8.2443  0.8609 -4.6163 -6.4429  6.6276  6.2074 -4.3299  8.6931  0.9881  2.2562 -7.1407 -3.1785 -6.5189 -3.3280  9.2144 -4.6754 -0.1204  6.3930  0.1684  8.7456 -2.7998 -3.2689  5.8619  4.2018  6.9076 -4.8647 -1.4256 -3.4192 -4.0809 -4.3763 -3.9721 -5.8366  6.4846  1.4116 -2.2795  3.1122 -2.3810  3.3906  1.8053  8.6071 -4.3532  4.6646 -4.5714 -0.8721 -8.6634 -5.3570  4.4525  1.2162 -8.9640 -5.3791 -0.0381 -1.7637  1.3520 -4.1762 -7.5619 -1.7404  0.9592  1.0125  4.8404  6.8783  6.6362 -9.1317 -8.9583  3.1208  2.2799 -1.2378 -3.7670  9.8989 -7.8472  8.0383  8.5060 -2.2003  2.7029 -6.0654  6.9276  4.0395 -1.4224  1.3801 -4.7443 -0.3863  6.0009  5.2176  7.8499 -2.6471 -8.9585 -9.7120  5.6125 
-8.5976  7.4658  7.8544 -7.3421 -7.9341 -2.1923  8.3495 -0.1573 -8.8798 -8.4332  6.0875 -7.9115 -5.6564  0.8609  2.0006  1.3004  0.4529 -1.1211 -2.0634  1.3212 -0.0794 -8.9426 -6.3989  8.6827 -2.7096 -6.5000 -9.1644 -4.6714 -7.9940 -1.3648  8.0315 -4.0594 -4.4372  2.0710  4.5182  6.9428  7.3268 -5.8681  2.9438  2.5444 -8.0182 -9.7033  3.5859 -7.7302  5.9092 -4.4135  3.5702 -3.6379  4.4654 -8.4932  7.6833 -5.6140 -7.4358 -8.7156 -6.9313 -0.1454 -5.2157 -6.0958  5.1832 -3.2097  2.5395  3.2147  2.7309  8.1023 -4.7143 -2.7508  5.0451 -7.3875  1.3811 -2.0111  5.1569  3.3629 -1.7144 -1.2572  5.6326 -5.8053  4.3293 -0.7971  0.5569 -1.2053  0.7097 -1.7598  3.1807  3.2739 -0.4754  6.2493 -6.8716  4.3089 -9.8464  8.3116 -8.9008  2.6930  1.5264  3.8302  0.7953  6.8121 -8.9207 -4.1596  9.4246  2.4604 
-1.5607 -1.5681 -7.4347  7.9688 -3.1001  4.0439 -8.8091 -3.5787 -6.0792  9.5534  0.1609  2.3501  9.0700 -4.6163  1.3004  3.8293  4.5815 -4.1768 -7.8852 -6.6757 -8.5441 -3.6904  7.6536  0.6587  6.8664 -3.5517 -8.6316 -4.8934  9.6290  4.6423  4.6312  5.8783  7.7707 -1.0599  6.0319  6.0823  0.0394 -1.2751 -2.3913 -6.1305  9.5202 -5.5792 -5.0511 -4.6394 -6.1546  7.4092  9.1899  8.4269 -6.7675 -8.6953 -8.2488 -5.3117 -2.3857  9.4048  5.3471 -5.5193 -4.1469  6.7155 -0.4126 -4.5179  1.3577 -5.7814 -8.6396 -0.8715  3.1587  7.3922 -4.7892 -6.8019 -3.8828  2.8195 -2.9323 -4.3626  7.2403  2.0165  0.9980 -8.9143 -0.5743  0.1879  9.5126  2.6582  1.4926 -8.7362  7.3465  9.1069 -9.3314  2.6936 -6.4124 -3.4783 -0.5910  3.1750  2.0038 -9.2332  7.3936  3.3642 -0.1048  0.5523  0.7564  5.1060  3.7504  6.8736 
-6.3058 -0.6444 -1.8270  1.7247 -0.9833  4.1227  9.4261 -2.6783 -6.2492  7.9957  4.9322  2.7055 -2.3271 -6.4429  0.4529  4.5815 -2.0745 -9.1819 -7.4891 -4.8342  2.8346  3.5089 -3.7486 -7.7397 -6.3032 -4.2360  4.9185  5.1893 -2.9722  2.2650  4.2962 -2.3036 -5.0414  7.8838  4.2181  4.3677  1.0588 -3.7781  5.1344 -1.5477  9.5861 -4.9703  9.0046  0.3425 -9.8643  2.7550 -2.7839 -1.9388  3.5731 -0.2729  3.2270 -3.5923 -6.7640  9.4785 -1.3319 -3.0672 -4.7575 -6.4134 -7.8779  2.2703  5.8516  6.4183  9.9667 -9.1898  4.3021  4.1848  5.1779 -4.6392 -9.5932  0.3123  3.8131  9.9929  5.3420  2.8178  0.3354  5.4777 -4.4272  7.5515 -6.4611  9.1459 -2.7214  6.7659 -4.4464  0.5146  6.2444  4.2217  7.4473 -8.5131  7.8083  9.5694  3.7571  3.6599  5.9877  3.7238  4.4701  0.2898 -2.0914 -0.3520  5.6506 -1.6846 
 2.4199  2.5849  4.6761  2.7697 -3.4145  4.9446  3.7450  3.8103 -0.1845  4.6734  0.9793  9.5534 -4.1979  6.6276 -1.1211 -4.1768 -9.1819  9.9603 -0.5363 -1.6917  5.3023 -7.7185  8.6437  0.7800 -2.1457  6.1953  4.3190 -2.9998 -6.5262  1.0849  2.5538  3.9884 -2.6707 -3.2245  1.4357 -1.1838 -5.4162  1.0051 -7.4267  8.2437 -3.0072  6.2971  2.7138  7.2826 -5.7942 -7.6382  2.9332  2.5212 -7.6779 -7.6031 -9.1705  7.6244 -5.3217  9.4732 -1.5956  2.5326  5.6684 -7.2767  9.5328  9.1423  3.8082  2.0866  3.1307 -8.8624  8.8621 -5.4336 -0.0463 -6.5541  5.5716  2.5270 -8.3104 -7.4356 -1.1758  4.4034  9.8469  3.0299  6.7652  2.7801 -4.4489  9.0872  5.1770 -3.6194  6.7116  9.8553 -4.1462 -4.8840  2.3879 -8.4778 -2.1607  1.9207 -9.3355 -8.3524 -5.9927  3.7952 -7.2149 -7.1305  8.3616  2.7388 -3.6846  3.9332 
 5.0805  0.4921 -9.6712 -1.3400 -7.1786 -3.5268  3.0113 -5.5581 -3.1418 -5.7159 -0.2365 -9.8259  7.0958  6.2074 -2.0634 -7.8852 -7.4891 -0.5363 -4.7341 -1.9950  6.4976  4.0900 -7.5916  6.3445 -2.8801  9.1736 -0.8754  2.6710  8.2608 -5.6985  9.0516  4.9724 -5.8432 -5.0946 -9.9117  6.5448 -3.5724 -2.0723 -1.5345 -2.9079 -0.4248  2.4728 -9.1127  2.3603  5.3422  9.2489 -4.9008 -8.3423  3.1821  0.3650 -0.3373 -0.3203 -5.5450  2.0711 -3.9758  1.5750  1.2447  5.1488 -5.7540 -0.4945  9.4503 -6.7024 -5.5221 -6.3929 -1.7970 -5.4338 -9.8481  4.6306  2.4939 -1.3826 -8.2773 -7.9309 -8.9099 -7.3900  4.4294  6.4324 -8.1411  9.5286  8.0900  5.0411 -0.1064 -2.2473 -5.2793  4.3486  9.8238  0.7449 -4.0764  1.0685 -4.1063  0.1696 -9.4260 -4.6560  3.4672 -4.9482 -1.0489 -8.3298 -0.3820 -0.8970  6.3008 -7.8881 
 8.7833 -0.9291  5.5887  3.9766  4.7540 -5.5035 -5.6433 -1.2885 -0.1769 -1.9807 -5.8792  3.9232 -9.8343 -4.3299  1.3212 -6.6757 -4.8342 -1.6917 -1.9950  7.7204  8.0235 -5.8190  8.8105 -9.3665  8.6104  5.2429 -7.5076  8.1390  3.3329  7.5335 -1.9674 -8.9144 -7.7458 -7.6188 -9.0905  2.9991 -1.6952  1.9779  8.8928  8.4744  2.5519 -5.7632  1.9416  7.6038  3.1879  3.6118 -2.7782 -7.7091 -0.0874 -0.6663 -9.9887 -2.0640  3.5147  8.8218 -1.4305  2.1251  4.0647  1.0619  0.2641 -2.6024 -1.4046  8.2966 -1.5168  0.8497 -9.3222 -0.6073 -6.1512 -1.0175 -8.6294 -7.2584 -2.5431  3.9226 -3.0216  9.3985  1.5263 -9.8337  3.0103  8.7481 -7.5428 -7.0772 -1.9182 -7.5316  0.8589 -8.4035 -8.7098  9.4284  3.7216  5.3549  0.4903 -6.0143 -7.2475  9.0857 -7.7177  1.2358 -0.0646 -7.0399 -9.3715  3.7842  1.9426 -8.0009 
 0.1213 -9.7824  0.7415 -2.9232 -1.8668  4.2212 -8.3682 -4.2861  6.7607 -9.4322  2.1131 -2.7337  7.5457  8.6931 -0.0794 -8.5441  2.8346  5.3023  6.4976  8.0235  6.5258  9.3995  5.9217 -6.4958  8.7980 -2.5520 -6.3296  1.8083 -3.8039 -3.8724  4.7311  4.2780 -1.4040 -4.4101  5.8745 -0.1138 -4.9817 -0.4039 -4.7589  5.5086  3.5818 -2.0064  4.5943  5.8641  9.2294 -5.4703  8.8241  9.8579  8.3139  0.7667 -8.1430  4.8397  0.1663  7.7787  8.3438 -1.0357 -4.7733 -7.9857 -9.2275  1.4228 -1.8582  5.5036 -4.2992  6.7379 -8.9064 -8.4247 -3.3759 -3.8881  1.1714  1.8652 -8.3795 -5.2468  9.8589  6.2148 -9.3827  9.0883 -9.2554  9.4414  8.9462  9.0585  0.2082 -9.1969  3.8981 -9.6256  8.5818  2.2420 -0.6613 -6.1915  4.2563  0.1113  5.2313 -7.6019 -4.3851 -9.0679  9.1360 -3.2915 -7.4927 -4.2399  2.8204  3.6788 
-9.1732 -7.6859  0.3042  7.6531 -6.8823  2.8707  1.6618 -4.7103  2.2130  1.6076  3.5069  3.8532  5.5068  0.9881 -8.9426 -3.6904  3.5089 -7.7185  4.0900 -5.8190  9.3995  7.6253  4.4409  8.4320  7.4842  0.6557  9.0493  6.5724  1.4002  8.4907  5.5186  0.4587 -1.3011  6.3217 -5.6432 -0.9266  4.9035  6.5988  8.4121  8.7120  0.8551 -1.4767  3.9433  3.2532  4.1382  4.8753  2.3891 -9.1533  7.3826  8.1492  3.6670  1.0614  5.7745 -1.8921 -0.5066  3.2586  8.7636 -1.4573 -0.1689  0.1638 -2.9666 -4.6503 -9.3775  5.7324 -8.3286 -5.0207 -5.1943  6.5749 -8.4218 -6.7822  5.2869  2.4333  1.7411 -0.7698 -4.3136 -4.1207 -5.8945  8.0756 -3.2740 -8.5119  6.2248 -9.6070  2.5495  1.9992 -1.4991 -7.9571 -4.7421 -2.7355  0.5856  5.0889  7.4283  7.6191 -9.5614  8.0508  3.3514 -7.8900 -6.9699  8.1571  8.6850 -5.3917 
 9.4988 -0.9793  3.6948 -7.0654 -4.9999 -7.9287  7.7276  5.7598 -2.4427 -1.8467 -8.8945  3.5887 -4.0201  2.2562 -6.3989  7.6536 -3.7486  8.6437 -7.5916  8.8105  5.9217  4.4409 -8.6251  3.9719  7.0416  3.1160 -6.7980 -7.2720  8.9953 -2.6925 -9.1964 -4.2787 -1.2044  7.0284 -3.8857 -8.6549 -0.9724  4.6152 -6.6119  4.2855 -8.1204  3.9737 -0.6256  9.3079  1.5928 -0.1869  7.3587 -5.0558  1.9231 -9.6111 -6.8987  0.6081 -5.0028 -5.5237 -5.4201 -7.9612  7.5923 -2.2180 -5.2332  6.5876  5.0895 -4.4296 -7.6911 -6.1149 -7.4013 -1.5768 -4.7697  1.6263 -6.9616 -1.3817 -4.0882 -5.0819 -7.4080  5.2862 -5.7740  4.1848 -4.9007 -8.4153  9.1290  7.0224 -8.0264 -7.7697 -2.3696 -3.0292 -3.2934  2.2104 -0.9905 -5.7011  9.9924  3.7763 -9.1135  5.0818  9.3467 -6.8045  8.9669 -8.0546  1.6187 -5.8028  3.5717  4.6571 
 6.5899 -8.6628 -4.7372 -8.0263  4.5715 -2.6400 -4.0575  1.4960  7.7156  1.4631 -9.9432 -0.6522  9.7484 -7.1407  8.6827  0.6587 -7.7397  0.7800  6.3445 -9.3665 -6.4958  8.4320  3.9719  2.8155  9.4835  9.5752  5.4076  4.7698 -6.1988 -0.4076  9.8691 -4.6141 -1.2786  6.8915 -2.6405  0.9517 -5.4781  4.3303  7.6583  6.7323 -6.6601 -8.0428  6.7247  7.1162 -7.1563  1.8065  6.4628 -3.9608  0.7734  8.4082  7.6579  4.9706  1.9799  2.3150 -2.2138  1.4634  1.8903 -6.8063 -3.7668  5.6915  2.7861 -3.8977 -8.9226 -8.4925 -7.0062 -1.5630  2.4592 -2.4843 -7.2327  0.1175 -5.7520 -3.8929  2.0747 -9.0273 -6.7767  4.9184  2.7791  9.6861 -9.0424 -6.4474  8.0943  8.6155  8.5232  0.0742  0.9306 -3.6906 -8.4624 -7.1792 -0.4969 -2.2292  8.5123 -7.7107  3.8731  9.5897 -6.2033  6.8669 -1.9733  6.2559 -5.6174  0.7939 
 0.4143 -6.7652 -1.5740  6.0278 -5.5651 -6.0673 -4.6623  4.3026  1.4813 -0.9188  2.9987 -4.4992 -1.7738 -3.1785 -2.7096  6.8664 -6.3032 -2.1457 -2.8801  8.6104  8.7980  7.4842  7.0416  9.4835 -3.6266 -1.3694  6.9011  8.4481 -0.3967 -9.8757  3.3665 -7.6176  9.8104  4.3241 -4.0650  7.9047  2.9397 -5.5418 -2.0211 -6.1298  0.7676 -0.4834 -3.3090 -9.7292  7.2874 -4.7967 -7.4400  1.1605 -5.2070 -3.6432 -1.9726  2.8197 -7.3873  2.4100 -6.3864 -1.0139 -8.9594 -9.4854 -2.5658  0.6439 -9.3610 -9.1993  3.0263 -9.5506  5.1248  8.9613  8.3541 -1.9355 -6.5805 -3.6669  1.9347  4.1871  5.8496  8.6257  4.4579  3.1370 -6.1710  7.0179 -5.7025 -1.3779 -6.6253  2.3250 -8.5583 -4.0126 -5.2650 -4.9447  4.9735 -4.2244 -4.4300 -7.5923  6.4195 -3.7910 -6.7917 -0.5542 -3.3416  8.3331 -1.5929 -4.9875 -3.6024  1.8266 
-0.1076 -5.7338  4.9411  0.9498 -8.2777 -1.8048  8.1811 -3.3523  1.2560  6.1131  4.0397 -4.7912  2.3816 -6.5189 -6.5000 -3.5517 -4.2360  6.1953  9.1736  5.2429 -2.5520  0.6557  3.1160  9.5752 -1.3694  1.3456  8.3323 -3.9863 -2.8048  6.9580 -9.5284 -9.6678 -9.2129  7.4896 -5.3702 -0.5909 -9.1357  6.9547  0.8508 -3.1483 -8.3103  5.9062 -8.1748 -2.5346 -8.5239 -5.7672 -6.1151 -2.3149 -2.5588  3.3307  4.3435 -4.2257 -8.2622  9.3560  2.1719  3.5644  0.7016  0.5042  9.5781  7.8968 -2.5377 -9.9502  8.2290 -1.7507  7.5393 -7.1412  7.6584  8.4036  9.8135 -1.4907 -4.7447 -8.4967 -5.5846 -2.9195 -1.0314 -4.1084  1.3134  2.8535  3.5767  8.7545 -3.8158 -2.0798 -5.4711 -2.0780 -2.7238  6.7008 -8.5136  7.9777 -2.7949 -8.9355  5.8745  4.6673 -8.8857  4.1036 -7.0834  8.6536  6.9624 -9.4249  7.0573  6.7759 
-1.9500  9.0164 -9.1373 -2.1377  0.6963  8.6425  6.7933 -2.0501  9.3279  8.8405 -3.7265 -3.0964 -3.7365 -3.3280 -9.1644 -8.6316  4.9185  4.3190 -0.8754 -7.5076 -6.3296  9.0493 -6.7980  5.4076  6.9011  8.3323 -0.9157 -7.6874  8.2791  3.4998 -0.6069 -2.7522  9.3913 -9.2936 -9.8987  2.9680  9.4610 -3.7145 -9.1118 -6.0102  4.2075 -1.8357 -9.3094  5.6939 -3.8579 -2.1043  6.7585 -7.9834 -7.4370  7.8728  6.1202 -4.5204  6.5264  3.0826 -3.9453  3.5837 -0.1416  5.1390  5.8962 -1.8624 -1.3612 -4.7107  5.3853 -1.9699 -4.0043  5.4866 -9.0019 -4.5433 -8.2279 -8.1137 -0.5534  5.9796  0.0506  0.1372  1.6735  6.1927  8.0329 -1.5680  8.2093 -9.4041 -3.6953  4.3295 -3.9245 -7.1689 -2.5879  2.1302  6.4148  7.2705 -2.7308  2.3110 -4.5919  5.9080  7.6004 -9.2066 -6.0619 -6.4039  6.2800 -5.0638 -0.9472  8.0520 
-3.4425 -1.0856  6.3946  6.6461 -8.6519  0.1162  9.8657  1.3462  2.6128 -2.0391  7.3203  5.1735 -1.1571  9.2144 -4.6714 -4.8934  5.1893 -2.9998  2.6710  8.1390  1.8083  6.5724 -7.2720  4.7698  8.4481 -3.9863 -7.6874 -3.1775  8.4994  4.0316  6.8731 -1.3634 -4.2949  3.0658 -3.3305  4.1371  1.2751 -2.7346 -9.5582 -4.3954  3.3410 -6.7271  3.0167 -4.5288  9.6878  0.2872  2.7404  1.9988  5.6952 -1.3516 -0.4008  6.4886  2.5865  3.1953  2.7686  7.5227 -7.7519  0.8206 -5.6547 -9.2525 -5.1478 -8.7816 -0.6159  0.5573  4.2842  6.0536 -5.3057 -4.4407 -6.6810 -4.8639  1.1639  6.6599 -1.5909 -5.8194 -7.8689 -1.9032  4.4677  4.8715 -9.9044  0.1629 -6.4801 -0.3052 -3.3485  6.1064 -7.1099  9.4201  3.6292 -4.8618  0.2407  7.9744 -4.1144  5.0928  9.1928  5.2697 -4.3499  3.4770  1.3233  0.3444  9.0363  4.6422 
 8.1712  9.2121  1.0797 -8.0324 -5.7185 -4.1733  7.5290  8.9042  2.2654  1.2268  9.0365 -8.2177 -1.2813 -4.6754 -7.9940  9.6290 -2.9722 -6.5262  8.2608  3.3329 -3.8039  1.4002  8.9953 -6.1988 -0.3967 -2.8048  8.2791  8.4994  5.4806  0.2002  1.3021 -6.1104  4.3807  3.4332  1.9865 -1.1515 -1.6953  2.0821  9.0114  1.8247 -8.2231 -4.3371 -2.0689 -5.3331 -4.9170 -8.4397 -0.1949  5.3237  9.5347  5.6908  0.4165  8.7276  0.9605  6.0666  2.2046 -7.7163 -3.5890  1.2409  6.9260 -8.1084 -8.5590 -1.7719 -4.2188  5.8218 -8.3387  7.7677 -5.3298 -0.0339 -0.1502 -6.3183 -8.2093  1.6266 -0.6554 -0.2782  6.2936  4.4276  1.2821 -3.9013 -0.2487  0.8169 -8.2105 -9.8322 -0.4555  2.7499  6.2343 -8.2510  5.0337 -7.3546  2.9899  1.9596 -5.4631  4.4309 -9.8122  0.3181  0.2527 -8.1509 -1.9142  4.9229  1.8152  7.9356 
-9.0266  5.9345  2.3512 -5.2041  0.4570  1.8116  6.0801  1.1558 -9.4983  5.3128 -0.3963  3.9733 -7.4081 -0.1204 -1.3648  4.6423  2.2650  1.0849 -5.6985  7.5335 -3.8724  8.4907 -2.6925 -0.4076 -9.8757  6.9580  3.4998  4.0316  0.2002  8.6046  3.6059 -0.4378 -2.0508 -6.6723 -4.1442 -7.6232  4.6099  1.9545  2.1280 -4.5732  3.7439  2.2958  4.9712 -3.5061 -1.4699  6.7203 -8.4725  1.1755 -0.2899  3.4872  5.7124 -5.8590  3.6749 -3.9694  4.3937  5.5240  4.1164 -0.6833 -2.6608  2.0519 -2.0787 -9.0549 -8.3859  5.8704 -5.7272 -2.5301  8.2472  8.8827  9.4244  0.3752 -5.6905  3.1683 -7.3290  9.2807  9.6622  1.2011  6.0010 -8.8103 -7.6234 -4.2888  4.6769  8.0890 -0.1478 -1.6482 -5.8804 -5.7541 -6.1242  8.2360  3.5626  1.2150  0.2879 -8.5161  2.1601  1.9021  7.3543  6.4329  9.3720  5.6015  5.3156  8.7964 
 9.3369  2.4499  0.4020  4.5752 -7.0415 -8.1042 -5.7250 -9.3045 -3.2365 -9.4879  4.4326 -0.8551 -7.4343  6.3930  8.0315  4.6312  4.2962  2.5538  9.0516 -1.9674  4.7311  5.5186 -9.1964  9.8691  3.3665 -9.5284 -0.6069  6.8731  1.3021  3.6059 -4.0232  9.6251  1.9647 -1.3522  8.9059  1.6269  9.8489  4.9069  2.8165 -7.7745 -9.3820 -2.5066 -9.6854  0.4703  5.8452 -5.5658  4.7162  9.7210 -7.3298 -1.7212  0.9360  2.9581 -0.2373 -6.9039 -5.1398 -2.8830  9.5290 -5.7678 -7.2814  4.8446 -6.9714 -1.3046  4.4697  4.9933  7.3431  3.3756 -3.3799  7.1920 -1.7175  9.4367  9.4175 -1.0995 -3.0699  9.7321  9.3708 -7.2247 -5.8337  4.0870 -7.5037 -3.1635 -7.6342  3.4323  9.7946  2.1285  6.5283 -5.3452  9.2456  6.0573 -1.1130 -8.0358  0.9019  1.9155  0.6595 -4.6284 -3.0912 -1.9973  8.7473  3.5289 -4.8053 -2.9702 
 5.0613 -7.3773  2.8619  9.3607 -6.2570 -0.9708 -6.8020  5.7274  1.2810  3.9959 -2.6775 -9.3706 -8.1052  0.1684 -4.0594  5.8783 -2.3036  3.9884  4.9724 -8.9144  4.2780  0.4587 -4.2787 -4.6141 -7.6176 -9.6678 -2.7522 -1.3634 -6.1104 -0.4378  9.6251  2.9656 -5.3878  5.9303  9.8957 -5.6557  5.3011 -7.3291 -1.4894 -0.6119 -4.8328  5.3471  1.7539  8.5995  5.1417 -6.1176  5.1278  9.7965 -6.8720  1.1851 -1.3166 -4.9079 -7.9130 -9.4010  5.7517 -2.5413 -2.4922 -6.2457 -3.7941 -8.9633 -1.0510  3.2357  4.0023  3.5612 -0.8340  3.8979  7.9056 -5.5329  6.5689 -3.5838  3.8552 -8.2639 -8.2367 -4.3910 -9.6645  6.9050 -0.5086  5.4633  6.7015  2.6194 -3.3516 -4.6151  7.7116 -1.2645 -4.0161  3.4632  6.1942  3.4916  7.2175 -7.5999  4.5284 -3.8335  5.6358 -1.4694  9.7278 -5.1982 -7.5714  7.6334 -0.7311  8.9974 
-6.9275 -8.2998 -6.0546  3.9495  0.4747 -2.5732 -6.0565 -4.9430  6.9644 -2.3564 -4.6399 -0.4066 -6.0932  8.7456 -4.4372  7.7707 -5.0414 -2.6707 -5.8432 -7.7458 -1.4040 -1.3011 -1.2044 -1.2786  9.8104 -9.2129  9.3913 -4.2949  4.3807 -2.0508  1.9647 -5.3878 -5.9504 -6.8760 -9.2665 -4.1871 -1.2670 -8.9310 -7.2821  8.2245  6.5323  9.4193  0.8439 -6.8192 -5.1958 -1.4445  1.9163  0.7881 -7.9813 -1.8896 -5.7203  9.2362  0.5105  8.8081 -4.5972 -3.8537 -2.6613 -4.8695  0.9481 -0.2327 -7.2361 -9.7831 -1.2352 -3.1865 -6.6591 -0.5017  2.6264  2.0740  0.5673  5.3443  0.2985 -2.9004  4.7636 -8.8576  0.2804  9.5678 -0.3022 -7.8033  0.3559  1.7165  0.3071  4.6357  0.9528 -9.1824  3.4438  6.3555 -3.0361 -9.2175 -8.5139  7.9120  0.5499 -5.7500  8.1289  9.3146  1.0635 -8.5301 -1.1871 -6.3102  3.5438  9.3802 
 5.6602  1.7521 -9.9468 -0.8989  4.0633 -9.8593  5.2657  7.6161  8.9902  8.0158 -5.1523  7.0188  1.1768 -2.7998  2.0710 -1.0599  7.8838 -3.2245 -5.0946 -7.6188 -4.4101  6.3217  7.0284  6.8915  4.3241  7.4896 -9.2936  3.0658  3.4332 -6.6723 -1.3522  5.9303 -6.8760  9.0341 -6.1577 -3.5202  3.7977 -5.0153  6.7602  3.3656  4.6825  8.9569 -6.2785 -3.6009 -0.7360  8.3572  7.3518  0.0816  1.8010  3.7074  7.0455  2.5835  5.1934  4.9574 -6.8666  9.4434  3.0864 -7.5520  0.5068  4.5562  1.2609  4.1967 -1.8999  0.6411  3.2308  1.9424  7.1209 -2.9715  6.9271  3.8811 -9.6059  1.6096  2.8380 -5.8844  8.0086 -7.8980 -7.5272  5.3605  2.1835  4.2738 -0.9322 -0.7710 -3.1426 -5.7388 -5.8136 -0.0092 -6.2954  7.2728  2.4388  4.2115  1.8290 -6.3003 -1.5918  9.9291  4.3408 -8.3611  1.8714  1.4618 -1.3325 -1.2015 
-5.5953  4.8100  5.0673  1.0653 -9.4407  6.7001 -1.1666 -4.0492 -4.0812 -8.6150  2.8938  6.1828 -4.1169 -3.2689  4.5182  6.0319  4.2181  1.4357 -9.9117 -9.0905  5.8745 -5.6432 -3.8857 -2.6405 -4.0650 -5.3702 -9.8987 -3.3305  1.9865 -4.1442  8.9059  9.8957 -9.2665 -6.1577 -4.6571 -0.9385 -9.5919  8.1809  3.1771  8.4167 -9.7171  5.6499  3.7772  2.4664 -0.0763 -7.1550 -8.3046  6.7811 -2.8938 -4.1182 -3.2281  0.8109 -6.8454  9.2107 -4.9776  4.9836 -7.0896  3.4305  4.9127  7.2512  5.0695 -3.2159 -1.2870 -6.2631  5.5826  4.0559  2.7985  5.9907  2.2368 -4.0244  4.4074  2.5197 -8.3745 -1.8155 -5.0139  1.5492  1.0295 -3.3184 -1.6697  8.1358  2.5634  5.1022 -1.0533  5.7180  4.3128  3.9690  0.7016  7.2232 -2.6005 -4.3858  4.4745 -7.5310  2.3983 -6.8125 -3.7941 -2.0191  7.2434  9.0044 -6.0284 -0.5198 
-7.3206  6.1922 -6.6273  6.6211 -9.1311  3.6452  6.4807 -3.8657  4.6670  4.8230 -8.8137 -8.9136  9.3533  5.8619  6.9428  6.0823  4.3677 -1.1838  6.5448  2.9991 -0.1138 -0.9266 -8.6549  0.9517  7.9047 -0.5909  2.9680  4.1371 -1.1515 -7.6232  1.6269 -5.6557 -4.1871 -3.5202 -0.9385 -5.0201  8.3789 -8.0001 -3.3946 -3.4365 -3.0139  8.1547  7.5930  3.6676 -3.5150  5.7288 -3.7690 -8.4129 -5.3245 -8.0510  5.9000  8.6445  2.6506  3.1232 -3.9560  8.2648 -2.4023 -1.4869  0.6632  0.7852  4.7190  8.6441 -1.9714  3.7234 -7.3843  7.5088  8.7033 -9.0054  9.5088 -4.6913 -2.4419 -3.5051 -6.5366 -4.8489 -9.8375 -0.0516 -9.1200 -3.6065  1.5355 -4.4446 -1.6575 -2.5645 -5.8001 -9.0069 -9.4413  0.2440  9.2580 -1.8436  8.7570 -0.0789  8.9416  3.4760 -1.4347 -3.0298 -2.8006  1.1810 -5.5209 -4.0973  2.1756 -6.0121 
 3.0969  0.7512 -8.8249 -5.2027  8.8975  6.0972  1.6883  3.7964  5.4272 -3.6093 -3.4187 -5.8449  5.3056  4.2018  7.3268  0.0394  1.0588 -5.4162 -3.5724 -1.6952 -4.9817  4.9035 -0.9724 -5.4781  2.9397 -9.1357  9.4610  1.2751 -1.6953  4.6099  9.8489  5.3011 -1.2670  3.7977 -9.5919  8.3789  1.2114  9.7337  0.4827  4.6748 -5.1151  0.6453 -5.3768 -4.2352  7.0388  6.1587  1.3203 -4.6187 -6.4058  5.5202 -3.6255 -5.8471 -4.2358 -4.3676  2.3093 -5.4788  5.5536  1.2509  7.9972 -5.8812  8.2211 -4.8034  5.2998 -7.2998  1.0993 -2.5246 -3.3119 -7.6893 -2.7909  7.1708  6.9855  2.0940 -2.1839 -8.3913  7.8588 -5.1451  7.7674 -0.8209  0.2362 -8.6384 -5.3007  6.6107 -4.4855  0.4635 -7.7569  7.8238  4.9847  7.7967 -0.9253  2.9819 -8.0845 -2.7041  8.1785  7.2152 -0.0039 -0.7222 -5.3094  6.6841  1.5885  1.8997 
-1.2357 -5.7828  9.2859 -9.5474 -1.8428  8.8505  5.5038 -4.9220 -0.0247 -1.9390  7.1353  3.2902  0.2770  6.9076 -5.8681 -1.2751 -3.7781  1.0051 -2.0723  1.9779 -0.4039  6.5988  4.6152  4.3303 -5.5418  6.9547 -3.7145 -2.7346  2.0821  1.9545  4.9069 -7.3291 -8.9310 -5.0153  8.1809 -8.0001  9.7337  3.8549 -1.4260 -6.0063 -8.3290  0.1827 -8.1475 -3.4741 -2.0499  1.0316  6.7621 -0.6883  5.7309  3.3728  4.8262 -3.8056  5.6159  2.6500 -8.8208  3.4126 -8.2753  4.1611  5.3280 -0.9794  2.3396  2.5433  9.0167 -8.3825  7.2339  5.7008  3.2060 -0.8664 -0.4443 -8.2201  3.1273  1.2267  1.9626  4.9799  7.7526  9.9127 -3.9885  4.5147 -0.7756 -8.2575 -2.1125 -5.9494 -2.0631 -6.4966  6.7006 -0.8839  6.9159  8.4253 -6.7228  2.2440 -2.5541  5.6168 -5.2128 -3.5374  7.2343 -7.9789 -7.8366  0.4402  1.1548  1.7191 
-0.3913 -0.3951 -2.0638  0.1194  1.2466 -8.9312 -0.0119 -5.6242  8.6872  2.2781  1.9053 -8.6539 -4.0499 -4.8647  2.9438 -2.3913  5.1344 -7.4267 -1.5345  8.8928 -4.7589  8.4121 -6.6119  7.6583 -2.0211  0.8508 -9.1118 -9.5582  9.0114  2.1280  2.8165 -1.4894 -7.2821  6.7602  3.1771 -3.3946  0.4827 -1.4260  2.2202 -5.7179 -7.0542 -5.8172  9.2620 -9.3016 -5.9045 -4.7265  5.2131  3.3200 -2.9840 -6.8994  7.3706  4.9529 -3.3960  4.0712 -5.9310 -6.4801  2.4966 -2.6539  5.7638  9.9425 -7.0370 -9.4489 -3.5949 -9.8028 -7.4278 -1.4316  0.6374  3.7270 -9.7125 -7.1424  8.0091 -6.7666 -2.9596  7.2712 -6.0682  1.1360 -7.4553  9.1450 -5.5441 -0.4393 -7.7544 -8.1735 -5.4864 -1.1504  5.8978 -1.4174  2.3695 -1.6057  5.9288 -1.8667 -1.6632  8.8917 -1.3156  4.7419  9.0889  1.2566 -6.6897 -0.2736 -5.0164 -6.4021 
 7.9108  4.7797 -8.7018 -5.7651  0.0110  6.2963  1.6351 -9.1287 -9.5495  5.6121 -3.9758  1.7402  1.1350 -1.4256  2.5444 -6.1305 -1.5477  8.2437 -2.9079  8.4744  5.5086  8.7120  4.2855  6.7323 -6.1298 -3.1483 -6.0102 -4.3954  1.8247 -4.5732 -7.7745 -0.6119  8.2245  3.3656  8.4167 -3.4365  4.6748 -6.0063 -5.7179  2.5840 -7.0072 -3.1688  9.6244 -9.7361  0.7631  0.7604 -7.1914 -0.0920  5.2163  2.3694  2.1536  7.0429  6.8830 -8.9968  2.9406 -4.5344  3.3727 -8.6651 -8.6056 -8.4940 -0.3282 -9.7139  0.1904 -5.5864  9.3750 -8.5530 -2.2761 -0.8986 -3.5694  1.3218 -8.3146 -0.5766  8.1530 -8.6902 -0.3126 -1.0839  2.0702  2.4960  8.8241 -2.7135 -5.1346  0.9778 -5.6706 -8.2517  1.9810  7.2700 -2.7861 -4.6463  8.6049 -1.3917 -3.1404 -1.7233 -1.1056  7.0500  2.6903 -1.7306  8.4970 -9.5857  7.3708 -5.0723 
-9.6881 -2.2728 -5.4264  3.4267  0.6018  8.0923 -7.1661  5.9430 -5.6782  2.7111 -1.8919  8.5328  6.1629 -3.4192 -8.0182  9.5202  9.5861 -3.0072 -0.4248  2.5519  3.5818  0.8551 -8.1204 -6.6601  0.7676 -8.3103  4.2075  3.3410 -8.2231  3.7439 -9.3820 -4.8328  6.5323  4.6825 -9.7171 -3.0139 -5.1151 -8.3290 -7.0542 -7.0072  1.7361  9.0563  4.3511 -0.1109 -9.6339 -5.9615  8.8052  2.4363  6.5345  7.6294  9.7228 -8.6002 -1.3929 -5.9479 -6.8518 -9.4119 -8.6779  0.3621 -4.0582  9.9271  8.9704  2.8014 -1.7962 -2.1352 -0.1486 -9.1059  6.1343 -1.6515 -8.6917  3.5051  3.2762  3.0444  2.5614 -2.3727 -7.0665  2.9274  1.6657 -8.2613 -4.6363 -1.7998  9.3681 -4.9135 -0.4000 -2.0248 -0.8614  2.7482 -1.4367  0.4607 -6.8897  4.5051  0.3878 -7.9192 -2.6935  8.5916 -0.0544  7.1580  9.4856 -3.9201 -4.4936 -9.2060 
 9.8787  5.8270 -6.6290 -0.3930 -3.4693  9.6245 -1.4276 -1.6461 -5.0319 -9.5404 -0.2048 -2.4921 -2.1477 -4.0809 -9.7033 -5.5792 -4.9703  6.2971  2.4728 -5.7632 -2.0064 -1.4767  3.9737 -8.0428 -0.4834  5.9062 -1.8357 -6.7271 -4.3371  2.2958 -2.5066  5.3471  9.4193  8.9569  5.6499  8.1547  0.6453  0.1827 -5.8172 -3.1688  9.0563  9.5850  8.7826  3.8384  2.1464 -3.5902  6.7719 -4.9262  8.0756  8.5106  0.4375 -3.7242  7.8786  5.5240  5.8758 -4.1462 -5.3374 -1.3760  4.4171  5.1234  1.7344 -1.0778 -4.4888  3.8151  6.2287 -5.8973 -6.2393  3.3867 -6.4116 -0.1594  8.8931 -5.6176 -0.5744  7.6757  8.2207 -8.4280 -5.9145  4.9926 -3.3542 -7.8389  3.5032  7.0833 -1.5631  1.3818  2.6073 -5.6873  7.2356  7.2699  2.9367  1.6527  2.3933 -5.3289 -9.4251  7.9045  8.4862  6.8036 -7.9928 -7.7530  0.1903 -4.4044 
-6.0699 -8.4100  7.3084  2.5501 -7.3880 -5.8932  4.2096  3.0506 -7.5862  0.0018  8.7885  1.6794  1.9551 -4.3763  3.5859 -5.0511  9.0046  2.7138 -9.1127  1.9416  4.5943  3.9433 -0.6256  6.7247 -3.3090 -8.1748 -9.3094  3.0167 -2.0689  4.9712 -9.6854  1.7539  0.8439 -6.2785  3.7772  7.5930 -5.3768 -8.1475  9.2620  9.6244  4.3511  8.7826  2.0876 -0.9166 -0.0221 -8.4868 -3.2409 -1.8013 -6.9148  0.8446 -6.8087 -0.2691  3.0057  6.6944 -3.1857 -8.5574 -1.9238  9.4216 -4.2447 -4.6882  6.6915  8.6921  6.9645 -0.9152 -6.6368  7.5394 -3.0107 -8.1506  4.3431 -1.0035 -5.9037 -5.4666  4.5920  6.1839  3.6168 -5.4300  7.6971 -9.6241  2.7686 -9.2178  1.2205  5.9599  0.5132 -5.7738  2.6543  7.3274 -4.3312 -9.2695  6.7490  1.4242 -3.9577  3.4405  0.1163 -6.9931 -7.4747  3.4794 -9.4537 -0.4854  5.3288  4.8894 
-1.5566  7.3032 -7.4290 -5.9348 -0.0729  9.1035  6.9632  5.5091 -7.9912 -9.6966  8.5233  7.9350 -5.1130 -3.9721 -7.7302 -4.6394  0.3425  7.2826  2.3603  7.6038  5.8641  3.2532  9.3079  7.1162 -9.7292 -2.5346  5.6939 -4.5288 -5.3331 -3.5061  0.4703  8.5995 -6.8192 -3.6009  2.4664  3.6676 -4.2352 -3.4741 -9.3016 -9.7361 -0.1109  3.8384 -0.9166  8.5110  9.4251  9.4228  3.1031  5.6090  3.0395  7.6730  3.3061  3.4154  0.4417  4.0883 -5.3641 -3.5984 -5.3985 -1.1379  9.0559 -8.0710  4.5309  9.7864  8.6780 -4.0449 -4.1713  2.1185  6.0714 -1.1644  4.6438 -0.4492 -0.6181 -5.8417 -5.1204 -5.7287 -7.3307 -5.6953 -6.3060  5.7724  9.9137  6.7336  3.4454  3.2197  0.1490 -6.1129 -2.6919  4.7848  0.2886  1.9096 -6.3531 -0.6555  3.8385  8.1779 -0.8691  2.5165 -5.8670  4.9596 -5.3650 -9.7956 -6.2048  9.2788 
 0.1944 -2.4696 -4.0957 -5.0770 -6.6310 -3.8604 -5.8519 -7.7833 -0.9812 -8.2188  5.3157 -2.3202  6.8002 -5.8366  5.9092 -6.1546 -9.8643 -5.7942  5.3422  3.1879  9.2294  4.1382  1.5928 -7.1563  7.2874 -8.5239 -3.8579  9.6878 -4.9170 -1.4699  5.8452  5.1417 -5.1958 -0.7360 -0.0763 -3.5150  7.0388 -2.0499 -5.9045  0.7631 -9.6339  2.1464 -0.0221  9.4251 -0.2449  3.1771 -6.5629  4.6347  7.4484 -3.8936  8.9394 -8.8576 -8.1212  8.8530  7.8760  5.3242  2.0728 -1.9751  9.2113  9.3808 -7.1902 -0.5000  1.2904 -3.5433  8.8445 -4.8711 -5.3654 -2.0246  7.6455 -1.2325 -7.0650 -7.7195 -1.0281 -3.2698 -8.4408  8.7270  9.9073 -5.0037  3.3617  7.3556  1.1028  2.3011  8.4980  2.9816  1.1541  6.3740 -1.6942 -6.7731 -5.6011 -2.4828 -7.3923 -2.7913  7.0171  3.8981  3.6654  5.8616  9.0270  8.3000 -6.1630  6.6725 
-4.6675  9.0558  5.1628  5.2079 -5.3221  1.9145  2.5591 -7.1067 -6.4660  1.5686  4.8759  3.7678  6.2987  6.4846 -4.4135  7.4092  2.7550 -7.6382  9.2489  3.6118 -5.4703  4.8753 -0.1869  1.8065 -4.7967 -5.7672 -2.1043  0.2872 -8.4397  6.7203 -5.5658 -6.1176 -1.4445  8.3572 -7.1550  5.7288  6.1587  1.0316 -4.7265  0.7604 -5.9615 -3.5902 -8.4868  9.4228  3.1771 -2.9325 -3.2281  8.9530  6.0394  3.5021 -9.4878  4.7665  3.4094 -4.4915 -1.8718  0.7650  6.6113 -9.5707 -0.7370 -0.4071  1.5834 -4.3630  7.8987  4.8103  0.0359 -4.5841  7.4179  7.2446 -7.5670  1.3160  0.9100  8.2946  0.3431 -0.7900 -7.8684 -2.9844  6.2775 -1.0964 -4.0315  2.3169 -7.5943 -3.5193 -2.9167  5.8150  1.9892  5.2115 -3.4200 -1.3995  5.6408  5.8430  8.1934 -2.7758 -8.5200  6.0921 -7.9656  1.5159 -8.4920  9.4524 -1.2395 -6.0590 
 6.8827 -4.2649 -4.8637 -7.9661  6.8270  3.1473  8.1541 -8.0697 -4.0704  9.8568 -1.3157  0.2851 -6.0430  1.4116  3.5702  9.1899 -2.7839  2.9332 -4.9008 -2.7782  8.8241  2.3891  7.3587  6.4628 -7.4400 -6.1151  6.7585  2.7404 -0.1949 -8.4725  4.7162  5.1278  1.9163  7.3518 -8.3046 -3.7690  1.3203  6.7621  5.2131 -7.1914  8.8052  6.7719 -3.2409  3.1031 -6.5629 -3.2281  0.7684  9.6705 -7.7643 -8.8885 -1.1195 -5.6327 -1.8730 -4.8421  3.2709  4.0955  7.4748  5.6765 -9.4238 -5.4419  1.4916  2.5655  9.7696  8.0716 -8.8340  5.4104  3.9146  9.3594 -7.3654  5.3945  5.4515 -5.3309 -3.0896  6.9595 -5.8785  5.6709 -9.0994  4.8899  5.3414 -6.8637  6.0013 -5.7781 -2.4964 -5.8716 -0.6202 -9.2255  8.2239 -3.1454  6.4510  8.8001  1.4127 -2.0574  1.3656  1.1824 -3.9858  2.5316 -3.4072  9.9287  1.8910 -0.7726 
 3.8886  6.8860  4.0774  6.6477  2.3857 -9.7377 -6.4258 -0.4616  2.7697  9.7769  0.2479 -9.6148 -5.5269 -2.2795 -3.6379  8.4269 -1.9388  2.5212 -8.3423 -7.7091  9.8579 -9.1533 -5.0558 -3.9608  1.1605 -2.3149 -7.9834  1.9988  5.3237  1.1755  9.7210  9.7965  0.7881  0.0816  6.7811 -8.4129 -4.6187 -0.6883  3.3200 -0.0920  2.4363 -4.9262 -1.8013  5.6090  4.6347  8.9530  9.6705  5.3233 -2.6575  3.8965 -7.7663 -5.6979  8.0180  7.9046 -4.7973  2.9078  3.2460 -1.6610 -1.0908  7.4679  5.8426  3.0375 -3.1523  6.6170  1.2614  3.7023  3.0681  0.0616 -4.8850 -8.9894 -8.5728  6.2974 -2.9752  3.9588 -7.1098 -3.0464 -4.1502  2.1176 -7.7232  3.1924 -3.9858 -5.4895  7.4944 -5.9679 -7.5849 -7.3029  6.9400  5.6611  1.0361 -4.1509  3.1290 -3.1214  8.8867  9.9767 -6.5043  0.1481  3.6790  6.5637 -9.7903  8.7940 
 7.7524  1.6407 -0.1611 -2.0223  1.2634 -3.1410 -3.6958  6.7036  3.3495 -3.7580 -4.1448  3.3213 -7.8992  3.1122  4.4654 -6.7675  3.5731 -7.6779  3.1821 -0.0874  8.3139  7.3826  1.9231  0.7734 -5.2070 -2.5588 -7.4370  5.6952  9.5347 -0.2899 -7.3298 -6.8720 -7.9813  1.8010 -2.8938 -5.3245 -6.4058  5.7309 -2.9840  5.2163  6.5345  8.0756 -6.9148  3.0395  7.4484  6.0394 -7.7643 -2.6575  7.5744 -8.3632  5.0914 -5.4008  5.5956  7.9816  1.5527 -8.5546  0.0992  3.8295  4.6378  6.1134  8.3401  2.1322 -9.8545 -9.2448  4.8293  7.0855  6.4163 -4.1346 -7.0654 -0.4547  2.7440 -8.1787 -0.4780  6.2397  1.9693 -6.7990  2.8034  2.1790 -8.0050  0.3778  3.8158  7.0864  4.9769 -0.5886  5.0679 -3.4704  0.8569 -4.8328 -9.6408 -4.5053 -8.7194  8.6992  7.6269 -8.5739  9.4544  2.4562  8.5116  5.8707  8.3216 -8.5538 
 1.9632  6.2272 -4.5349  0.6939  9.6484  9.6205  1.1654 -3.6278  2.7878 -5.8591  8.4477  0.4592 -8.9473 -2.3810 -8.4932 -8.6953 -0.2729 -7.6031  0.3650 -0.6663  0.7667  8.1492 -9.6111  8.4082 -3.6432  3.3307  7.8728 -1.3516  5.6908  3.4872 -1.7212  1.1851 -1.8896  3.7074 -4.1182 -8.0510  5.5202  3.3728 -6.8994  2.3694  7.6294  8.5106  0.8446  7.6730 -3.8936  3.5021 -8.8885  3.8965 -8.3632 -4.5840  1.0656 -6.7326  4.9380 -2.6947  5.2368  8.1390 -9.8913 -2.5843 -9.8661  0.4865 -8.7684  7.2203 -4.5366  0.6430  2.2883  1.9930 -8.5001  7.4554  2.3522 -3.0054  8.7360  1.0515 -5.3786 -9.8379  0.5059  7.0776  8.6737 -3.6234  5.3993 -9.8801  1.7926 -3.5351 -6.6127 -3.2694  3.7702  8.6240 -5.1304  3.8790 -3.9602 -4.9965 -5.6345 -2.7287 -7.7762 -0.1711  7.9143  4.5121 -8.1781  9.4142  1.9675  4.1741 
 2.6720 -4.0431 -0.3339  0.6243 -2.8603 -5.2412 -2.0691  8.2499 -7.4072 -2.2038  4.3687  4.3085 -5.3612  3.3906  7.6833 -8.2488  3.2270 -9.1705 -0.3373 -9.9887 -8.1430  3.6670 -6.8987  7.6579 -1.9726  4.3435  6.1202 -0.4008  0.4165  5.7124  0.9360 -1.3166 -5.7203  7.0455 -3.2281  5.9000 -3.6255  4.8262  7.3706  2.1536  9.7228  0.4375 -6.8087  3.3061  8.9394 -9.4878 -1.1195 -7.7663  5.0914  1.0656 -3.5912  0.7036 -4.7744  1.0302  0.8657  5.7315 -1.8921 -0.4606 -7.8919 -6.4929 -0.3408  3.9007 -0.0279  3.0465 -9.3687 -6.2577  1.6705 -4.4991  7.6213  7.7103  0.5044 -8.0133 -5.0184  2.7282  1.8156 -7.1040 -2.7597  3.6375 -7.6898  9.2079 -2.1884 -1.2810 -0.0886  3.0372  9.7492 -9.2229 -1.2313 -2.1429  0.3165  0.8768  1.3643  9.9757 -5.2225 -8.6637  3.0223 -4.5913 -4.9214 -5.3072  0.9096 -7.3001 
-2.1263  1.8583 -9.4196  5.0545  9.3966 -8.9198 -2.0640 -7.5826  0.1103 -3.1901  7.9684 -9.4124  9.6465  1.8053 -5.6140 -5.3117 -3.5923  7.6244 -0.3203 -2.0640  4.8397  1.0614  0.6081  4.9706  2.8197 -4.2257 -4.5204  6.4886  8.7276 -5.8590  2.9581 -4.9079  9.2362  2.5835  0.8109  8.6445 -5.8471 -3.8056  4.9529  7.0429 -8.6002 -3.7242 -0.2691  3.4154 -8.8576  4.7665 -5.6327 -5.6979 -5.4008 -6.7326  0.7036 -7.5969 -8.5860 -5.3134 -2.6153  4.1422  6.5022  0.2807 -8.6175  0.1397  2.5909 -9.4096  7.9513 -8.6901  0.5018  0.9886 -8.9408  1.2790  9.7573 -1.0837 -8.4045  0.6341 -9.7194 -8.4288  5.4115 -8.3831  4.5935 -9.1798 -3.3045  9.2863  1.7298 -0.6046 -8.3107  3.1438  4.0821 -0.9259 -2.7140  0.5843  9.3548 -1.3315 -9.2760  1.9457 -0.7411  8.6754  3.2556  9.7608 -0.3361  4.3148  1.0397 -0.5788 
 2.7900  8.5412  5.7692 -1.6530 -7.2339  2.4912 -7.1727  1.6619 -4.9992  5.7485  1.9546 -5.6876  6.5595  8.6071 -7.4358 -2.3857 -6.7640 -5.3217 -5.5450  3.5147  0.1663  5.7745 -5.0028  1.9799 -7.3873 -8.2622  6.5264  2.5865  0.9605  3.6749 -0.2373 -7.9130  0.5105  5.1934 -6.8454  2.6506 -4.2358  5.6159 -3.3960  6.8830 -1.3929  7.8786  3.0057  0.4417 -8.1212  3.4094 -1.8730  8.0180  5.5956  4.9380 -4.7744 -8.5860 -6.7689  2.6352 -9.9448 -6.4884  4.2064  5.4667 -4.8715 -1.2002  6.2870  1.8241 -1.9139 -1.9832 -8.7805 -0.2246 -8.8394  5.3016  8.8495 -1.5534 -4.1141  8.2042  7.1151 -3.3901  0.1499 -3.6259 -4.7147 -6.5945 -3.8652  4.9492  7.7203  7.1745 -5.6297 -9.0487 -0.1903 -5.5744 -5.5370 -5.9840  9.8923 -0.4085  2.8159  6.1793 -8.5845 -9.0981 -5.8039 -7.3650  0.6773 -4.6433  7.9366 -0.4732 
 2.1708  4.9776 -6.6392  3.5589  2.1398 -3.1699 -4.3415  4.0097  0.1501  5.9494  5.4742 -2.1028  0.6187 -4.3532 -8.7156  9.4048  9.4785  9.4732  2.0711  8.8218  7.7787 -1.8921 -5.5237  2.3150  2.4100  9.3560  3.0826  3.1953  6.0666 -3.9694 -6.9039 -9.4010  8.8081  4.9574  9.2107  3.1232 -4.3676  2.6500  4.0712 -8.9968 -5.9479  5.5240  6.6944  4.0883  8.8530 -4.4915 -4.8421  7.9046  7.9816 -2.6947  1.0302 -5.3134  2.6352  3.8033 -6.1775 -2.2690  0.9184  0.4324  7.8809  7.2924  5.7177 -8.7136 -6.5728  0.6668  9.0067 -9.3983  5.0372  9.9580  0.4114  9.4627 -5.5790  4.4274  9.3550  4.0125 -2.7567  5.5343  5.4280 -1.8548  9.7304  8.0631  8.8226 -4.9130  5.9997 -1.6506  8.8903  9.8222  6.0804 -0.1913  0.2546  3.9614 -2.8989 -4.0278  5.2478  0.5284  6.6391  4.2545  1.1301  1.6762  4.2126 -8.4585 
-5.5364  3.1955 -4.1567  7.0282  3.9682 -1.5598  3.8785  3.9134 -2.1741  8.2730  8.0252 -0.0646  9.3949  4.6646 -6.9313  5.3471 -1.3319 -1.5956 -3.9758 -1.4305  8.3438 -0.5066 -5.4201 -2.2138 -6.3864  2.1719 -3.9453  2.7686  2.2046  4.3937 -5.1398  5.7517 -4.5972 -6.8666 -4.9776 -3.9560  2.3093 -8.8208 -5.9310  2.9406 -6.8518  5.8758 -3.1857 -5.3641  7.8760 -1.8718  3.2709 -4.7973  1.5527  5.2368  0.8657 -2.6153 -9.9448 -6.1775  1.1390  8.6336  5.9690  0.4940  2.6460 -6.7877 -3.9717 -1.9259  1.3575 -4.2413 -3.8629  0.1800  0.8457 -7.8632  8.5294 -0.2640 -8.0410  4.6098  9.5447  2.2136 -1.4288 -3.3542  8.1858 -6.1810  7.1742  4.8249  8.0735 -1.6957 -3.4989  2.2861 -0.1542  7.6401  0.9196 -4.1852 -1.8659 -6.4343 -0.9730  4.1624  1.6397 -9.6155  9.9211  7.7769  0.5645  0.7668  9.9137 -0.9061 
-6.7957 -8.2240 -5.8048 -5.6252 -2.7990  6.4239 -1.8350 -4.0355  6.4821 -5.1703 -5.0467 -0.1868 -5.2143 -4.5714 -0.1454 -5.5193 -3.0672  2.5326  1.5750  2.1251 -1.0357  3.2586 -7.9612  1.4634 -1.0139  3.5644  3.5837  7.5227 -7.7163  5.5240 -2.8830 -2.5413 -3.8537  9.4434  4.9836  8.2648 -5.4788  3.4126 -6.4801 -4.5344 -9.4119 -4.1462 -8.5574 -3.5984  5.3242  0.7650  4.0955  2.9078 -8.5546  8.1390  5.7315  4.1422 -6.4884 -2.2690  8.6336 -9.4971 -8.1274 -6.2962 -9.9524  4.0862  2.2749 -3.3066  2.2720  6.0939 -6.1324 -2.9032  4.1674  2.1719  3.5979 -3.5465 -7.9823  1.2380  7.3732 -2.1676  9.3721 -9.0612  6.8595  3.5345  2.5786  7.2440  3.4556  0.3554 -2.1915 -5.7776  0.2691  6.9024 -5.2747  2.1417 -9.3938 -5.2271 -3.7721  2.8811  1.4663  8.4999 -1.0249  5.3339 -4.4033 -6.8575 -2.4942  9.1946 
-7.9368  9.2438  8.3019 -5.4913  3.8621  5.0253 -6.1604 -9.3427 -8.5939  2.0625 -0.4861  3.1061 -6.9997 -0.8721 -5.2157 -4.1469 -4.7575  5.6684  1.2447  4.0647 -4.7733  8.7636  7.5923  1.8903 -8.9594  0.7016 -0.1416 -7.7519 -3.5890  4.1164  9.5290 -2.4922 -2.6613  3.0864 -7.0896 -2.4023  5.5536 -8.2753  2.4966  3.3727 -8.6779 -5.3374 -1.9238 -5.3985  2.0728  6.6113  7.4748  3.2460  0.0992 -9.8913 -1.8921  6.5022  4.2064  0.9184  5.9690 -8.1274 -0.4040 -0.4765  0.4326 -3.0308  7.3559 -0.1953 -2.0920  4.2154 -6.6608 -9.5134  1.4594  6.7948  0.8420  9.2679 -8.9827 -8.8890  6.1703 -4.2574  3.2527  6.7765  0.5155  9.4806 -0.3423 -8.0182  7.9805  8.6327  7.3157 -6.4228 -8.2248 -5.1785 -7.2282  1.3713  4.3450  3.2045  8.3405  1.7010 -6.9908 -3.7515 -4.0836 -3.6516 -3.2650  7.3758 -6.8568  7.5770 
 2.5136  2.2119 -3.2940 -5.1094 -5.3355 -2.9173  0.6718 -8.1367 -2.8462  7.1134 -5.7013  6.8390 -4.3416 -8.6634 -6.0958  6.7155 -6.4134 -7.2767  5.1488  1.0619 -7.9857 -1.4573 -2.2180 -6.8063 -9.4854  0.5042  5.1390  0.8206  1.2409 -0.6833 -5.7678 -6.2457 -4.8695 -7.5520  3.4305 -1.4869  1.2509  4.1611 -2.6539 -8.6651  0.3621 -1.3760  9.4216 -1.1379 -1.9751 -9.5707  5.6765 -1.6610  3.8295 -2.5843 -0.4606  0.2807  5.4667  0.4324  0.4940 -6.2962 -0.4765  6.6436 -5.8395  8.6880  2.8139 -0.0969  1.9407 -0.4095 -9.5815  1.4213  9.2481 -7.5996 -0.5982  7.8808  9.7161  2.9790  9.6561 -5.4624  5.7508  1.0273  8.8827 -1.0447 -0.6322  0.5837  1.9645  5.6163  6.5000  8.3129 -7.6487  3.8758 -8.5439  9.9283  0.5194 -4.3834  8.6163 -6.6667  5.5197  0.5570  2.9238  5.9382 -8.0216  2.1719  8.3386  1.3802 
-0.2382  0.6904 -9.4102 -8.9791 -1.4509 -3.4599 -1.9693  7.3107 -0.9050  2.7907 -7.7263 -5.0134  3.6286 -5.3570  5.1832 -0.4126 -7.8779  9.5328 -5.7540  0.2641 -9.2275 -0.1689 -5.2332 -3.7668 -2.5658  9.5781  5.8962 -5.6547  6.9260 -2.6608 -7.2814 -3.7941  0.9481  0.5068  4.9127  0.6632  7.9972  5.3280  5.7638 -8.6056 -4.0582  4.4171 -4.2447  9.0559  9.2113 -0.7370 -9.4238 -1.0908  4.6378 -9.8661 -7.8919 -8.6175 -4.8715  7.8809  2.6460 -9.9524  0.4326 -5.8395  0.0528  8.0547 -5.6408 -0.2912 -7.4077 -9.8900 -9.2638 -8.5250 -0.9347  0.1040  2.0587 -8.9702 -4.2798 -1.4413  9.3428 -1.9285 -7.5655 -9.2011 -2.0002  2.9539 -3.5845 -3.3840  6.2872 -8.0648  7.1731 -0.7890  7.8734  9.1514 -8.6171  6.2120  0.5316  1.4357  4.2667  4.8908 -8.8555  6.8590  5.0008 -8.1193  8.3340 -5.9338  1.9847  0.3927 
-9.7656  8.4559 -0.6184 -3.5237  8.1437 -9.1479 -8.6313  9.5615  3.6715 -6.7107 -1.4496  4.8883  1.7190  4.4525 -3.2097 -4.5179  2.2703  9.1423 -0.4945 -2.6024  1.4228  0.1638  6.5876  5.6915  0.6439  7.8968 -1.8624 -9.2525 -8.1084  2.0519  4.8446 -8.9633 -0.2327  4.5562  7.2512  0.7852 -5.8812 -0.9794  9.9425 -8.4940  9.9271  5.1234 -4.6882 -8.0710  9.3808 -0.4071 -5.4419  7.4679  6.1134  0.4865 -6.4929  0.1397 -1.2002  7.2924 -6.7877  4.0862 -3.0308  8.6880  8.0547 -4.9040  7.7049  8.9514 -5.5612 -4.2236 -8.6141 -4.7623  3.7762  4.3397  1.6532 -9.6078  0.6269  3.5884  7.5653  9.8380  1.4619  6.7167 -8.7791 -2.3261 -2.7517  2.6566 -8.0594 -7.8609  3.8012  8.7996  7.1399  5.6818  7.1336 -8.7940 -2.3335 -2.4737 -3.6980 -4.6286 -3.5223  0.7408  1.1478 -2.1364  5.9785 -5.0761 -7.7967 -2.3683 
 3.4870 -1.8535  9.0572 -0.3135  5.1215  8.8943 -3.2481  3.0191 -2.3445  2.4263  3.9024  0.8122 -1.7497  1.2162  2.5395  1.3577  5.8516  3.8082  9.4503 -1.4046 -1.8582 -2.9666  5.0895  2.7861 -9.3610 -2.5377 -1.3612 -5.1478 -8.5590 -2.0787 -6.9714 -1.0510 -7.2361  1.2609  5.0695  4.7190  8.2211  2.3396 -7.0370 -0.3282  8.9704  1.7344  6.6915  4.5309 -7.1902  1.5834  1.4916  5.8426  8.3401 -8.7684 -0.3408  2.5909  6.2870  5.7177 -3.9717  2.2749  7.3559  2.8139 -5.6408  7.7049 -4.6839  2.8302 -8.7799 -7.1186  2.6682  2.6820  9.5980  3.8891 -9.6441 -3.1537 -3.4542 -7.7036 -1.0146 -9.6531 -8.9040 -3.8748  6.0288  8.2296 -2.6687 -6.3047 -4.2440  3.6333 -0.9334  2.2337 -5.6258 -9.7856 -9.9028 -9.6474 -4.8617 -7.6995 -2.0156  0.4545  5.1307 -0.7955  3.3359 -2.2011 -8.1135  2.9339 -8.3119 -7.7576 
-0.9013 -6.8598  0.9918  5.5961  1.5076 -1.5641  2.3057  8.0062  5.8584  3.3028  6.7063  4.1315  6.1943 -8.9640  3.2147 -5.7814  6.4183  2.0866 -6.7024  8.2966  5.5036 -4.6503 -4.4296 -3.8977 -9.1993 -9.9502 -4.7107 -8.7816 -1.7719 -9.0549 -1.3046  3.2357 -9.7831  4.1967 -3.2159  8.6441 -4.8034  2.5433 -9.4489 -9.7139  2.8014 -1.0778  8.6921  9.7864 -0.5000 -4.3630  2.5655  3.0375  2.1322  7.2203  3.9007 -9.4096  1.8241 -8.7136 -1.9259 -3.3066 -0.1953 -0.0969 -0.2912  8.9514  2.8302  9.7802 -1.7662 -5.4612 -1.2344 -1.4193 -4.3652  4.8908 -5.3905 -6.1355 -7.7779 -1.6953 -0.3796  5.8554  7.3714 -8.1459 -9.7704  7.5858 -8.0487 -9.4178 -7.2759 -5.7482 -1.4334  3.1786  9.3825  7.7711 -3.4855 -2.8186  9.6576  9.4484 -1.1305 -8.1000  9.2286  7.1033 -3.5612 -2.0058 -4.3160  2.0736 -7.1149  0.2935 
 5.2957 -8.9214 -7.7565 -4.1631 -8.1133 -0.1187 -5.4333  5.2890 -5.0476  7.2852  5.8729  5.5177  3.6137 -5.3791  2.7309 -8.6396  9.9667  3.1307 -5.5221 -1.5168 -4.2992 -9.3775 -7.6911 -8.9226  3.0263  8.2290  5.3853 -0.6159 -4.2188 -8.3859  4.4697  4.0023 -1.2352 -1.8999 -1.2870 -1.9714  5.2998  9.0167 -3.5949  0.1904 -1.7962 -4.4888  6.9645  8.6780  1.2904  7.8987  9.7696 -3.1523 -9.8545 -4.5366 -0.0279  7.9513 -1.9139 -6.5728  1.3575  2.2720 -2.0920  1.9407 -7.4077 -5.5612 -8.7799 -1.7662  5.9381 -4.8928  8.5983 -4.4415 -9.0374  5.9696 -2.5874 -8.8078  3.5554 -0.6361 -8.2255  6.2795  3.6158  0.3411 -0.5418  2.9983 -1.8878  5.9727 -9.8203 -2.2302  5.4211 -0.9508 -0.3302  4.6497 -3.8475  6.1085 -7.3561  1.8366 -1.8179 -4.4710 -7.8699 -5.8798  0.6362 -9.2716 -0.3213  1.5988  6.6980  7.0914 
 6.5595 -0.1533 -6.9974 -6.3641 -4.4038 -3.6789  0.6954  8.0761 -5.3801 -9.9302  9.2625 -9.5944  2.1571 -0.0381  8.1023 -0.8715 -9.1898 -8.8624 -6.3929  0.8497  6.7379  5.7324 -6.1149 -8.4925 -9.5506 -1.7507 -1.9699  0.5573  5.8218  5.8704  4.9933  3.5612 -3.1865  0.6411 -6.2631  3.7234 -7.2998 -8.3825 -9.8028 -5.5864 -2.1352  3.8151 -0.9152 -4.0449 -3.5433  4.8103  8.0716  6.6170 -9.2448  0.6430  3.0465 -8.6901 -1.9832  0.6668 -4.2413  6.0939  4.2154 -0.4095 -9.8900 -4.2236 -7.1186 -5.4612 -4.8928  2.7911  0.2534 -3.5447  4.5655 -3.4670 -9.9289 -5.0934  5.9911  3.0694  3.0188  1.9638  3.2491 -9.2114 -2.6152 -7.7017  0.4584 -7.9654 -1.5491 -3.4331 -5.3215 -9.7125  4.7491  0.2075 -7.5824  8.8693 -9.1563 -6.8540 -1.4520  2.4426  9.8440 -4.3606 -4.7664  0.0974  2.0947  9.7992  6.6303  2.1658 
-5.2411  4.8923  1.0449 -5.3029 -4.4290 -1.4234 -2.4286  5.6223  4.8486  1.3186 -8.4460  1.1503 -2.6289 -1.7637 -4.7143  3.1587  4.3021  8.8621 -1.7970 -9.3222 -8.9064 -8.3286 -7.4013 -7.0062  5.1248  7.5393 -4.0043  4.2842 -8.3387 -5.7272  7.3431 -0.8340 -6.6591  3.2308  5.5826 -7.3843  1.0993  7.2339 -7.4278  9.3750 -0.1486  6.2287 -6.6368 -4.1713  8.8445  0.0359 -8.8340  1.2614  4.8293  2.2883 -9.3687  0.5018 -8.7805  9.0067 -3.8629 -6.1324 -6.6608 -9.5815 -9.2638 -8.6141  2.6682 -1.2344  8.5983  0.2534 -5.2942  2.6215 -4.7648  7.7246 -5.4148  8.4843  8.5132  1.9701 -9.2174 -1.0284  4.0046 -0.7665  5.5385  8.6831 -0.4790  0.2876 -1.1093  1.9386 -0.8431 -0.2656  5.0845  7.7049 -7.8230  4.9285 -6.6557 -2.5894 -4.9741  5.4391 -2.7903 -8.3438 -2.3951  1.9155  4.2777  2.8400 -0.3599  8.8629 
 9.7004  5.8886  7.3108  6.9023 -7.5540 -3.4186  3.4001 -8.7603  0.8713  8.6703 -1.2333  1.7006  9.4968  1.3520 -2.7508  7.3922  4.1848 -5.4336 -5.4338 -0.6073 -8.4247 -5.0207 -1.5768 -1.5630  8.9613 -7.1412  5.4866  6.0536  7.7677 -2.5301  3.3756  3.8979 -0.5017  1.9424  4.0559  7.5088 -2.5246  5.7008 -1.4316 -8.5530 -9.1059 -5.8973  7.5394  2.1185 -4.8711 -4.5841  5.4104  3.7023  7.0855  1.9930 -6.2577  0.9886 -0.2246 -9.3983  0.1800 -2.9032 -9.5134  1.4213 -8.5250 -4.7623  2.6820 -1.4193 -4.4415 -3.5447  2.6215  1.3243 -1.8467  0.8330  2.1069  7.1250 -5.1624 -8.6596  2.6635 -6.4792  0.8614 -7.0489  2.4115 -7.2001  2.1080 -7.8541  7.8845 -0.1870 -5.6772  2.8130  3.1573  1.7334  7.8389 -1.4036  8.9432  9.4951  6.2012  0.8587  3.7728 -0.9587 -9.5012  2.6358 -9.6345 -1.3478 -6.5312  2.4724 
 9.2389 -3.9611 -3.6247 -9.7429 -3.5349  9.9663 -2.8239 -5.7896  9.2869  4.8928 -9.5512 -8.5080  1.5104 -4.1762  5.0451 -4.7892  5.1779 -0.0463 -9.8481 -6.1512 -3.3759 -5.1943 -4.7697  2.4592  8.3541  7.6584 -9.0019 -5.3057 -5.3298  8.2472 -3.3799  7.9056  2.6264  7.1209  2.7985  8.7033 -3.3119  3.2060  0.6374 -2.2761  6.1343 -6.2393 -3.0107  6.0714 -5.3654  7.4179  3.9146  3.0681  6.4163 -8.5001  1.6705 -8.9408 -8.8394  5.0372  0.8457  4.1674  1.4594  9.2481 -0.9347  3.7762  9.5980 -4.3652 -9.0374  4.5655 -4.7648 -1.8467 -4.2229 -1.6936  3.8128  8.4406  1.8272 -5.3258 -8.6083 -5.7613 -2.5259  3.4998 -3.6154 -4.6414 -6.6873  0.7074  8.1716  6.4701 -7.5592  6.0105 -4.9336 -8.6160  5.5057 -8.7323  2.2427 -0.7215  0.3089  2.7415 -8.0857  0.6745 -8.6064 -4.6170 -6.8531 -2.8293  3.6895  6.9597 
 7.8559 -4.3565  2.2200 -0.5056 -5.5316 -5.3261  9.2596 -0.5814  0.2758  7.7093 -1.8647  5.3054 -7.3233 -7.5619 -7.3875 -6.8019 -4.6392 -6.5541  4.6306 -1.0175 -3.8881  6.5749  1.6263 -2.4843 -1.9355  8.4036 -4.5433 -4.4407 -0.0339  8.8827  7.1920 -5.5329  2.0740 -2.9715  5.9907 -9.0054 -7.6893 -0.8664  3.7270 -0.8986 -1.6515  3.3867 -8.1506 -1.1644 -2.0246  7.2446  9.3594  0.0616 -4.1346  7.4554 -4.4991  1.2790  5.3016  9.9580 -7.8632  2.1719  6.7948 -7.5996  0.1040  4.3397  3.8891  4.8908  5.9696 -3.4670  7.7246  0.8330 -1.6936 -4.3886 -4.4833 -8.3661 -2.9969 -0.2446 -0.8920 -9.4971  6.1399  4.4666 -6.1844 -3.1527  2.6383 -9.7143 -0.7118 -1.3512 -4.6479  0.6721 -5.8455 -3.3802 -7.0852  3.4330  6.9287  5.6563  5.3472 -2.3968  7.0499 -9.2697  0.7501 -5.7794  4.4197 -2.2902 -0.1680  9.9364 
-1.5353 -9.8942  6.5968  7.3548  0.6033 -4.5681 -1.0961 -3.6823 -9.1535 -3.2687 -4.0980 -5.0093 -0.2262 -1.7404  1.3811 -3.8828 -9.5932  5.5716  2.4939 -8.6294  1.1714 -8.4218 -6.9616 -7.2327 -6.5805  9.8135 -8.2279 -6.6810 -0.1502  9.4244 -1.7175  6.5689  0.5673  6.9271  2.2368  9.5088 -2.7909 -0.4443 -9.7125 -3.5694 -8.6917 -6.4116  4.3431  4.6438  7.6455 -7.5670 -7.3654 -4.8850 -7.0654  2.3522  7.6213  9.7573  8.8495  0.4114  8.5294  3.5979  0.8420 -0.5982  2.0587  1.6532 -9.6441 -5.3905 -2.5874 -9.9289 -5.4148  2.1069  3.8128 -4.4833 -0.6563  6.8351 -0.3082  8.4517  7.3380 -4.1683  2.9184 -8.8464  2.6791 -4.4434 -8.5608 -8.0327  4.2054 -3.2087  2.6394  8.3599  3.4111  5.5542  1.7928  0.3398  1.2104 -2.8599  7.9430 -1.7397 -2.1297 -1.3069  2.4810 -7.7099  6.4029 -7.6870 -7.7735 -4.2534 
-1.1524  5.6438  4.3115  0.3764  7.7117 -8.9649  7.1642 -1.4138  7.9741 -2.8291  2.3541 -7.1619  7.4605  0.9592 -2.0111  2.8195  0.3123  2.5270 -1.3826 -7.2584  1.8652 -6.7822 -1.3817  0.1175 -3.6669 -1.4907 -8.1137 -4.8639 -6.3183  0.3752  9.4367 -3.5838  5.3443  3.8811 -4.0244 -4.6913  7.1708 -8.2201 -7.1424  1.3218  3.5051 -0.1594 -1.0035 -0.4492 -1.2325  1.3160  5.3945 -8.9894 -0.4547 -3.0054  7.7103 -1.0837 -1.5534  9.4627 -0.2640 -3.5465  9.2679  7.8808 -8.9702 -9.6078 -3.1537 -6.1355 -8.8078 -5.0934  8.4843  7.1250  8.4406 -8.3661  6.8351  9.1481  1.9183 -5.8017  6.4860  7.7501  7.1167  7.6396  0.4292 -7.3267  9.0788  2.3964  6.8788 -4.1298 -4.9642  5.2387  9.2813 -9.4100 -2.9685 -0.3788  1.8004  4.1716 -2.4358 -9.9392 -7.9581  6.2573  2.5417 -5.6680  2.6602  4.8547 -3.4415  8.4069 
 5.7667 -9.5768  3.5181  3.7293  4.4795 -9.0299  0.8947  0.2900  0.7263  3.3214  4.1595 -2.9544  3.8116  1.0125  5.1569 -2.9323  3.8131 -8.3104 -8.2773 -2.5431 -8.3795  5.2869 -4.0882 -5.7520  1.9347 -4.7447 -0.5534  1.1639 -8.2093 -5.6905  9.4175  3.8552  0.2985 -9.6059  4.4074 -2.4419  6.9855  3.1273  8.0091 -8.3146  3.2762  8.8931 -5.9037 -0.6181 -7.0650  0.9100  5.4515 -8.5728  2.7440  8.7360  0.5044 -8.4045 -4.1141 -5.5790 -8.0410 -7.9823 -8.9827  9.7161 -4.2798  0.6269 -3.4542 -7.7779  3.5554  5.9911  8.5132 -5.1624  1.8272 -2.9969 -0.3082  1.9183  4.0028  8.4768 -7.3948  0.4888  6.2269  9.7219 -1.8716 -3.3439 -7.6047 -2.7927  9.0525  9.2740  3.0775 -5.9117  4.5127  2.3588 -5.3217 -8.4558 -8.0201  6.4787  5.7158 -0.4559  6.5395  7.7577 -4.1985 -0.9188 -7.9103  8.4617 -6.0641 -1.3518 
-1.2234 -2.1670 -8.8296  0.7816 -8.7949 -6.4758  1.7378 -7.7393 -4.8317  9.4424  4.0102 -6.4765 -4.0633  4.8404  3.3629 -4.3626  9.9929 -7.4356 -7.9309  3.9226 -5.2468  2.4333 -5.0819 -3.8929  4.1871 -8.4967  5.9796  6.6599  1.6266  3.1683 -1.0995 -8.2639 -2.9004  1.6096  2.5197 -3.5051  2.0940  1.2267 -6.7666 -0.5766  3.0444 -5.6176 -5.4666 -5.8417 -7.7195  8.2946 -5.3309  6.2974 -8.1787  1.0515 -8.0133  0.6341  8.2042  4.4274  4.6098  1.2380 -8.8890  2.9790 -1.4413  3.5884 -7.7036 -1.6953 -0.6361  3.0694  1.9701 -8.6596 -5.3258 -0.2446  8.4517 -5.8017  8.4768  6.8685  7.9387 -2.8749  9.4737 -1.5725 -6.6480  9.1956  6.5560  0.0080 -8.4091 -6.2367 -0.9395 -9.1351  6.8407  3.1488  5.3776 -0.8005  7.8270  6.9218  1.1795  4.3057  2.6376 -9.2764  0.8452  0.3953 -3.4749  9.9264  2.4850 -5.0132 
-1.2737  1.4707  7.6826  9.9835 -5.7575 -9.3404 -4.2634  6.9401 -7.0578 -2.3695 -7.8507  0.3460 -4.6872  6.8783 -1.7144  7.2403  5.3420 -1.1758 -8.9099 -3.0216  9.8589  1.7411 -7.4080  2.0747  5.8496 -5.5846  0.0506 -1.5909 -0.6554 -7.3290 -3.0699 -8.2367  4.7636  2.8380 -8.3745 -6.5366 -2.1839  1.9626 -2.9596  8.1530  2.5614 -0.5744  4.5920 -5.1204 -1.0281  0.3431 -3.0896 -2.9752 -0.4780 -5.3786 -5.0184 -9.7194  7.1151  9.3550  9.5447  7.3732  6.1703  9.6561  9.3428  7.5653 -1.0146 -0.3796 -8.2255  3.0188 -9.2174  2.6635 -8.6083 -0.8920  7.3380  6.4860 -7.3948  7.9387 -6.1377 -8.8668 -8.1447 -8.1990 -1.7417 -8.6710  0.2286  1.6103 -9.4753 -3.2155 -8.3817 -7.8844  0.5478  0.6788 -7.0195 -2.6115 -6.1724  8.3581  6.5881 -8.3454  5.2799 -2.2325  5.9603 -2.0825 -1.5089 -3.1946  8.3127  5.0162 
 9.6969 -7.9868  0.8266 -3.7206  7.0914 -4.9231 -4.8957 -6.6595  3.1401 -6.6768  2.9480  8.7250 -4.2333  6.6362 -1.2572  2.0165  2.8178  4.4034 -7.3900  9.3985  6.2148 -0.7698  5.2862 -9.0273  8.6257 -2.9195  0.1372 -5.8194 -0.2782  9.2807  9.7321 -4.3910 -8.8576 -5.8844 -1.8155 -4.8489 -8.3913  4.9799  7.2712 -8.6902 -2.3727  7.6757  6.1839 -5.7287 -3.2698 -0.7900  6.9595  3.9588  6.2397 -9.8379  2.7282 -8.4288 -3.3901  4.0125  2.2136 -2.1676 -4.2574 -5.4624 -1.9285  9.8380 -9.6531  5.8554  6.2795  1.9638 -1.0284 -6.4792 -5.7613 -9.4971 -4.1683  7.7501  0.4888 -2.8749 -8.8668 -3.2682  0.7977 -9.9971  0.5941  1.9310 -8.1417  2.3951 -9.8107 -6.8127 -7.3763  1.7996 -6.2880 -0.5918  3.4180 -4.1724  9.9560 -5.9032 -1.1919 -2.6554 -2.0756 -2.8338 -6.0674 -0.4210 -7.5539  1.7001 -4.4607  0.3636 
 7.2200 -4.8638 -6.2587  4.8467  1.1323 -7.3723 -1.2990  7.7698 -2.8229  9.7458  2.5335 -8.5415  0.8237 -9.1317  5.6326  0.9980  0.3354  9.8469  4.4294  1.5263 -9.3827 -4.3136 -5.7740 -6.7767  4.4579 -1.0314  1.6735 -7.8689  6.2936  9.6622  9.3708 -9.6645  0.2804  8.0086 -5.0139 -9.8375  7.8588  7.7526 -6.0682 -0.3126 -7.0665  8.2207  3.6168 -7.3307 -8.4408 -7.8684 -5.8785 -7.1098  1.9693  0.5059  1.8156  5.4115  0.1499 -2.7567 -1.4288  9.3721  3.2527  5.7508 -7.5655  1.4619 -8.9040  7.3714  3.6158  3.2491  4.0046  0.8614 -2.5259  6.1399  2.9184  7.1167  6.2269  9.4737 -8.1447  0.7977 -9.8087  2.3447 -1.3236  5.2074  9.0765  9.4741  5.2104 -0.3294  1.4051  7.0686 -7.9343  1.5944 -9.7441 -5.3106 -6.6060 -6.0321  4.0976  6.8120 -0.2045  4.0536 -9.0912  8.6036 -8.6018 -1.1668 -4.2301 -4.6692 
 8.9208  9.0012 -6.4131 -5.0935 -2.3885 -3.2008 -0.1153  9.1569  1.9611 -0.5883  7.4650  8.0258 -7.8870 -8.9583 -5.8053 -8.9143  5.4777  3.0299  6.4324 -9.8337  9.0883 -4.1207  4.1848  4.9184  3.1370 -4.1084  6.1927 -1.9032  4.4276  1.2011 -7.2247  6.9050  9.5678 -7.8980  1.5492 -0.0516 -5.1451  9.9127  1.1360 -1.0839  2.9274 -8.4280 -5.4300 -5.6953  8.7270 -2.9844  5.6709 -3.0464 -6.7990  7.0776 -7.1040 -8.3831 -3.6259  5.5343 -3.3542 -9.0612  6.7765  1.0273 -9.2011  6.7167 -3.8748 -8.1459  0.3411 -9.2114 -0.7665 -7.0489  3.4998  4.4666 -8.8464  7.6396  9.7219 -1.5725 -8.1990 -9.9971  2.3447  8.4122 -1.7840  7.0309 -6.0485  8.5796  7.2222  6.2962 -2.7440  2.4296  5.3727 -3.2699 -2.3600 -4.9567  8.1352 -5.2913 -2.8910 -0.2704 -5.0354  1.7984  3.1237 -1.0674 -4.1040 -0.0643  8.7281  9.9496 
-4.9706 -8.9310 -4.0106 -8.5126 -8.2307  6.9914  7.6634 -3.7662  6.6741  4.8918 -2.1761  2.4929 -7.9346  3.1208  4.3293 -0.5743 -4.4272  6.7652 -8.1411  3.0103 -9.2554 -5.8945 -4.9007  2.7791 -6.1710  1.3134  8.0329  4.4677  1.2821  6.0010 -5.8337 -0.5086 -0.3022 -7.5272  1.0295 -9.1200  7.7674 -3.9885 -7.4553  2.0702  1.6657 -5.9145  7.6971 -6.3060  9.9073  6.2775 -9.0994 -4.1502  2.8034  8.6737 -2.7597  4.5935 -4.7147  5.4280  8.1858  6.8595  0.5155  8.8827 -2.0002 -8.7791  6.0288 -9.7704 -0.5418 -2.6152  5.5385  2.4115 -3.6154 -6.1844  2.6791  0.4292 -1.8716 -6.6480 -1.7417  0.5941 -1.3236 -1.7840  0.8445  7.3317 -8.6523  9.6777 -6.8984 -3.3215  8.0899  1.3176 -6.2905 -7.9586 -0.1028 -9.0683  8.3376  7.1532  3.3613  3.7103 -6.1167 -8.9987  8.7536 -7.9815 -4.2900 -4.1374  1.7482  0.6746 
 4.1027  0.8713 -1.1224  6.8807 -2.0407  5.7750 -3.1448  9.7001  3.1066  9.6025 -8.7822  1.7436  4.7807  2.2799 -0.7971  0.1879  7.5515  2.7801  9.5286  8.7481  9.4414  8.0756 -8.4153  9.6861  7.0179  2.8535 -1.5680  4.8715 -3.9013 -8.8103  4.0870  5.4633 -7.8033  5.3605 -3.3184 -3.6065 -0.8209  4.5147  9.1450  2.4960 -8.2613  4.9926 -9.6241  5.7724 -5.0037 -1.0964  4.8899  2.1176  2.1790 -3.6234  3.6375 -9.1798 -6.5945 -1.8548 -6.1810  3.5345  9.4806 -1.0447  2.9539 -2.3261  8.2296  7.5858  2.9983 -7.7017  8.6831 -7.2001 -4.6414 -3.1527 -4.4434 -7.3267 -3.3439  9.1956 -8.6710  1.9310  5.2074  7.0309  7.3317  7.6609 -5.1282  9.6072 -6.4431  4.8075  8.3353 -6.4936 -4.3479  5.6670 -5.1458 -4.6702  8.7686  1.5327 -6.5803  0.0863  5.2422 -4.5389  9.9835  6.1739 -6.2013  7.1367 -0.4648  7.5090 
 2.8094  5.8872  7.6643 -8.4459  9.9972 -2.9384  3.4589 -1.3047 -5.2693 -0.8114 -2.2871  8.4110 -3.4139 -1.2378  0.5569  9.5126 -6.4611 -4.4489  8.0900 -7.5428  8.9462 -3.2740  9.1290 -9.0424 -5.7025  3.5767  8.2093 -9.9044 -0.2487 -7.6234 -7.5037  6.7015  0.3559  2.1835 -1.6697  1.5355  0.2362 -0.7756 -5.5441  8.8241 -4.6363 -3.3542  2.7686  9.9137  3.3617 -4.0315  5.3414 -7.7232 -8.0050  5.3993 -7.6898 -3.3045 -3.8652  9.7304  7.1742  2.5786 -0.3423 -0.6322 -3.5845 -2.7517 -2.6687 -8.0487 -1.8878  0.4584 -0.4790  2.1080 -6.6873  2.6383 -8.5608  9.0788 -7.6047  6.5560  0.2286 -8.1417  9.0765 -6.0485 -8.6523 -5.1282 -8.9799  0.5365  6.2626 -6.9614  6.2465 -7.8749  4.7868 -3.0789  9.7860  9.6586 -3.4717 -6.6571  4.4662 -5.1364 -3.1506 -9.8818 -9.4693  1.7036 -4.5520  9.2993 -6.7637 -1.1322 
-7.2182  2.7097  5.8283 -0.5350  3.0327 -6.1496 -6.0324 -7.0626  0.0237 -8.8662  3.6792 -4.1859 -5.8338 -3.7670 -1.2053  2.6582  9.1459  9.0872  5.0411 -7.0772  9.0585 -8.5119  7.0224 -6.4474 -1.3779  8.7545 -9.4041  0.1629  0.8169 -4.2888 -3.1635  2.6194  1.7165  4.2738  8.1358 -4.4446 -8.6384 -8.2575 -0.4393 -2.7135 -1.7998 -7.8389 -9.2178  6.7336  7.3556  2.3169 -6.8637  3.1924  0.3778 -9.8801  9.2079  9.2863  4.9492  8.0631  4.8249  7.2440 -8.0182  0.5837 -3.3840  2.6566 -6.3047 -9.4178  5.9727 -7.9654  0.2876 -7.8541  0.7074 -9.7143 -8.0327  2.3964 -2.7927  0.0080  1.6103  2.3951  9.4741  8.5796  9.6777  9.6072  0.5365 -0.6144  8.4785  4.3289 -0.6309  4.6524  8.1276 -3.4942 -5.8125  5.6366 -2.4741  4.7240  1.8992  0.5645  0.9705  4.0244 -4.6487  7.8916  3.8104 -4.9901 -5.5800  7.1533 
-3.9341 -2.9015  4.3427 -2.4254 -2.3923  5.3955  8.0206 -3.9277 -4.1056 -6.2566  9.6655 -7.7973  5.8334  9.8989  0.7097  1.4926 -2.7214  5.1770 -0.1064 -1.9182  0.2082  6.2248 -8.0264  8.0943 -6.6253 -3.8158 -3.6953 -6.4801 -8.2105  4.6769 -7.6342 -3.3516  0.3071 -0.9322  2.5634 -1.6575 -5.3007 -2.1125 -7.7544 -5.1346  9.3681  3.5032  1.2205  3.4454  1.1028 -7.5943  6.0013 -3.9858  3.8158  1.7926 -2.1884  1.7298  7.7203  8.8226  8.0735  3.4556  7.9805  1.9645  6.2872 -8.0594 -4.2440 -7.2759 -9.8203 -1.5491 -1.1093  7.8845  8.1716 -0.7118  4.2054  6.8788  9.0525 -8.4091 -9.4753 -9.8107  5.2104  7.2222 -6.8984 -6.4431  6.2626  8.4785  9.4761 -0.7164 -5.9973  9.5943 -0.1858  5.7062 -4.9576 -0.8865  8.9425  3.9101  8.4991  7.4210 -1.7610 -2.1319  2.0734 -3.6334  4.3739  6.2609 -7.9967 -8.1002 
-4.5187 -8.1559 -2.6697  2.1784 -2.8631  1.8204 -8.6102 -3.0548 -2.6765  6.9848 -7.9185  2.7195  1.2249 -7.8472 -1.7598 -8.7362  6.7659 -3.6194 -2.2473 -7.5316 -9.1969 -9.6070 -7.7697  8.6155  2.3250 -2.0798  4.3295 -0.3052 -9.8322  8.0890  3.4323 -4.6151  4.6357 -0.7710  5.1022 -2.5645  6.6107 -5.9494 -8.1735  0.9778 -4.9135  7.0833  5.9599  3.2197  2.3011 -3.5193 -5.7781 -5.4895  7.0864 -3.5351 -1.2810 -0.6046  7.1745 -4.9130 -1.6957  0.3554  8.6327  5.6163 -8.0648 -7.8609  3.6333 -5.7482 -2.2302 -3.4331  1.9386 -0.1870  6.4701 -1.3512 -3.2087 -4.1298  9.2740 -6.2367 -3.2155 -6.8127 -0.3294  6.2962 -3.3215  4.8075 -6.9614  4.3289 -0.7164  0.9850  3.9025  2.4643 -8.0445 -2.0731  7.8155  9.8471 -8.2627 -7.1746 -5.7329  8.8906 -7.6985  3.5507 -7.1067 -8.1042 -6.6351  8.5995 -3.0618  2.4784 
 0.6555 -5.4320  6.4087 -5.4805  2.4293 -5.0694  1.9036 -4.6452 -9.8661 -2.0563  1.6475 -3.5983 -6.1873  8.0383  3.1807  7.3465 -4.4464  6.7116 -5.2793  0.8589  3.8981  2.5495 -2.3696  8.5232 -8.5583 -5.4711 -3.9245 -3.3485 -0.4555 -0.1478  9.7946  7.7116  0.9528 -3.1426 -1.0533 -5.8001 -4.4855 -2.0631 -5.4864 -5.6706 -0.4000 -1.5631  0.5132  0.1490  8.4980 -2.9167 -2.4964  7.4944  4.9769 -6.6127 -0.0886 -8.3107 -5.6297  5.9997 -3.4989 -2.1915  7.3157  6.5000  7.1731  3.8012 -0.9334 -1.4334  5.4211 -5.3215 -0.8431 -5.6772 -7.5592 -4.6479  2.6394 -4.9642  3.0775 -0.9395 -8.3817 -7.3763  1.4051 -2.7440  8.0899  8.3353  6.2465 -0.6309 -5.9973  3.9025  7.5420 -9.1517  0.9775  4.9631 -0.9127  8.8457 -2.9635  5.4539  3.2196 -6.7026  7.4572  5.1194  4.2824  1.3597 -2.4164  6.2379  9.2866 -4.6008 
 8.8559 -4.3603  0.1119  5.9215  0.3738 -2.1132 -9.1521  7.7342  0.8953  9.4919  1.6201 -3.4849  2.3929  8.5060  3.2739  9.1069  0.5146  9.8553  4.3486 -8.4035 -9.6256  1.9992 -3.0292  0.0742 -4.0126 -2.0780 -7.1689  6.1064  2.7499 -1.6482  2.1285 -1.2645 -9.1824 -5.7388  5.7180 -9.0069  0.4635 -6.4966 -1.1504 -8.2517 -2.0248  1.3818 -5.7738 -6.1129  2.9816  5.8150 -5.8716 -5.9679 -0.5886 -3.2694  3.0372  3.1438 -9.0487 -1.6506  2.2861 -5.7776 -6.4228  8.3129 -0.7890  8.7996  2.2337  3.1786 -0.9508 -9.7125 -0.2656  2.8130  6.0105  0.6721  8.3599  5.2387 -5.9117 -9.1351 -7.8844  1.7996  7.0686  2.4296  1.3176 -6.4936 -7.8749  4.6524  9.5943  2.4643 -9.1517  6.0850 -8.9761 -1.7754 -9.6479  9.9145  0.5261  3.9027 -7.1923  2.4219  7.2676 -8.5928  9.3601 -0.2540  8.9493 -9.7917 -9.2764  3.9124 
 7.6521  6.8217  0.6912 -4.2627  9.2767  8.6505 -2.9517 -9.0451  7.4736  2.9342  7.5558 -9.3833 -8.1565 -2.2003 -0.4754 -9.3314  6.2444 -4.1462  9.8238 -8.7098  8.5818 -1.4991 -3.2934  0.9306 -5.2650 -2.7238 -2.5879 -7.1099  6.2343 -5.8804  6.5283 -4.0161  3.4438 -5.8136  4.3128 -9.4413 -7.7569  6.7006  5.8978  1.9810 -0.8614  2.6073  2.6543 -2.6919  1.1541  1.9892 -0.6202 -7.5849  5.0679  3.7702  9.7492  4.0821 -0.1903  8.8903 -0.1542  0.2691 -8.2248 -7.6487  7.8734  7.1399 -5.6258  9.3825 -0.3302  4.7491  5.0845  3.1573 -4.9336 -5.8455  3.4111  9.2813  4.5127  6.8407  0.5478 -6.2880 -7.9343  5.3727 -6.2905 -4.3479  4.7868  8.1276 -0.1858 -8.0445  0.9775 -8.9761 -0.7044  9.5692 -9.0512 -5.2504  2.7889 -5.7538 -7.7932 -2.0918  8.5286  3.5665  5.4919  4.7665  2.8531 -9.1090  0.8515  3.8769 
 5.1191  7.7634 -7.7480 -8.4523 -3.6025  3.3709 -4.2179  9.2682 -2.0401 -3.7833 -0.3273  6.3371 -6.7924  2.7029  6.2493  2.6936  4.2217 -4.8840  0.7449  9.4284  2.2420 -7.9571  2.2104 -3.6906 -4.9447  6.7008  2.1302  9.4201 -8.2510 -5.7541 -5.3452  3.4632  6.3555 -0.0092  3.9690  0.2440  7.8238 -0.8839 -1.4174  7.2700  2.7482 -5.6873  7.3274  4.7848  6.3740  5.2115 -9.2255 -7.3029 -3.4704  8.6240 -9.2229 -0.9259 -5.5744  9.8222  7.6401  6.9024 -5.1785  3.8758  9.1514  5.6818 -9.7856  7.7711  4.6497  0.2075  7.7049  1.7334 -8.6160 -3.3802  5.5542 -9.4100  2.3588  3.1488  0.6788 -0.5918  1.5944 -3.2699 -7.9586  5.6670 -3.0789 -3.4942  5.7062 -2.0731  4.9631 -1.7754  9.5692 -0.8844  1.2035  3.7914  9.6417 -4.8938  6.5991  2.0635 -7.6261  8.0064  1.4236  2.1199  6.9557  1.6319  2.8435  0.8680 
-7.9398 -2.5843  4.3071 -9.7037  7.5748 -5.6893 -0.9871 -6.3013 -2.6226 -5.6784  6.5734  6.3283  7.1786 -6.0654 -6.8716 -6.4124  7.4473  2.3879 -4.0764  3.7216 -0.6613 -4.7421 -0.9905 -8.4624  4.9735 -8.5136  6.4148  3.6292  5.0337 -6.1242  9.2456  6.1942 -3.0361 -6.2954  0.7016  9.2580  4.9847  6.9159  2.3695 -2.7861 -1.4367  7.2356 -4.3312  0.2886 -1.6942 -3.4200  8.2239  6.9400  0.8569 -5.1304 -1.2313 -2.7140 -5.5370  6.0804  0.9196 -5.2747 -7.2282 -8.5439 -8.6171  7.1336 -9.9028 -3.4855 -3.8475 -7.5824 -7.8230  7.8389  5.5057 -7.0852  1.7928 -2.9685 -5.3217  5.3776 -7.0195  3.4180 -9.7441 -2.3600 -0.1028 -5.1458  9.7860 -5.8125 -4.9576  7.8155 -0.9127 -9.6479 -9.0512  1.2035 -9.0724  2.4127  1.8169 -4.3229 -4.7984  6.0631 -2.1161  3.1098  4.5917 -8.5496 -1.3983 -0.6418  4.3035 -0.5073 
 9.7153  6.0655 -1.0069  0.2460  3.1388  3.6759  0.8879 -8.3878  8.8797 -5.0033 -2.9303  3.7227 -5.1562  6.9276  4.3089 -3.4783 -8.5131 -8.4778  1.0685  5.3549 -6.1915 -2.7355 -5.7011 -7.1792 -4.2244  7.9777  7.2705 -4.8618 -7.3546  8.2360  6.0573  3.4916 -9.2175  7.2728  7.2232 -1.8436  7.7967  8.4253 -1.6057 -4.6463  0.4607  7.2699 -9.2695  1.9096 -6.7731 -1.3995 -3.1454  5.6611 -4.8328  3.8790 -2.1429  0.5843 -5.9840 -0.1913 -4.1852  2.1417  1.3713  9.9283  6.2120 -8.7940 -9.6474 -2.8186  6.1085  8.8693  4.9285 -1.4036 -8.7323  3.4330  0.3398 -0.3788 -8.4558 -0.8005 -2.6115 -4.1724 -5.3106 -4.9567 -9.0683 -4.6702  9.6586  5.6366 -0.8865  9.8471  8.8457  9.9145 -5.2504  3.7914  2.4127 -9.7904 -1.8196  8.6083  1.4131 -8.0282  8.2500  6.5194  8.5710  0.3135  8.8932  6.5773 -8.2629  1.0132 
-2.3673 -0.0246 -1.0420 -3.5617  1.0620 -9.5464  6.4539 -8.8684  5.1137 -6.6699  3.9714  3.1761 -1.1340  4.0395 -9.8464 -0.5910  7.8083 -2.1607 -4.1063  0.4903  4.2563  0.5856  9.9924 -0.4969 -4.4300 -2.7949 -2.7308  0.2407  2.9899  3.5626 -1.1130  7.2175 -8.5139  2.4388 -2.6005  8.7570 -0.9253 -6.7228  5.9288  8.6049 -6.8897  2.9367  6.7490 -6.3531 -5.6011  5.6408  6.4510  1.0361 -9.6408 -3.9602  0.3165  9.3548  9.8923  0.2546 -1.8659 -9.3938  4.3450  0.5194  0.5316 -2.3335 -4.8617  9.6576 -7.3561 -9.1563 -6.6557  8.9432  2.2427  6.9287  1.2104  1.8004 -8.0201  7.8270 -6.1724  9.9560 -6.6060  8.1352  8.3376  8.7686 -3.4717 -2.4741  8.9425 -8.2627 -2.9635  0.5261  2.7889  9.6417  1.8169 -1.8196  3.5330  3.3690 -6.1434 -5.5990  4.2966  6.2694  6.2179  9.9738 -8.5291  2.2810 -2.1423  4.5808 
 1.8220  8.1061  4.8969 -8.6828 -3.8761  0.8508  7.0436 -8.9906  6.4723  7.1123  8.8471 -8.6850  0.8072 -1.4224  8.3116  3.1750  9.5694  1.9207  0.1696 -6.0143  0.1113  5.0889  3.7763 -2.2292 -7.5923 -8.9355  2.3110  7.9744  1.9596  1.2150 -8.0358 -7.5999  7.9120  4.2115 -4.3858 -0.0789  2.9819  2.2440 -1.8667 -1.3917  4.5051  1.6527  1.4242 -0.6555 -2.4828  5.8430  8.8001 -4.1509 -4.5053 -4.9965  0.8768 -1.3315 -0.4085  3.9614 -6.4343 -5.2271  3.2045 -4.3834  1.4357 -2.4737 -7.6995  9.4484  1.8366 -6.8540 -2.5894  9.4951 -0.7215  5.6563 -2.8599  4.1716  6.4787  6.9218  8.3581 -5.9032 -6.0321 -5.2913  7.1532  1.5327 -6.6571  4.7240  3.9101 -7.1746  5.4539  3.9027 -5.7538 -4.8938 -4.3229  8.6083  3.3690 -3.1273 -0.6919 -6.8175  6.2309 -6.3884  2.6752  6.4405  1.7920  1.2835 -2.1464  3.7639 
 9.9498  4.5213  8.3747  6.7223  1.2825  4.5280  2.2565 -8.8262  2.5512 -1.7140  5.6201 -1.3889  6.5628  1.3801 -8.9008  2.0038  3.7571 -9.3355 -9.4260 -7.2475  5.2313  7.4283 -9.1135  8.5123  6.4195  5.8745 -4.5919 -4.1144 -5.4631  0.2879  0.9019  4.5284  0.5499  1.8290  4.4745  8.9416 -8.0845 -2.5541 -1.6632 -3.1404  0.3878  2.3933 -3.9577  3.8385 -7.3923  8.1934  1.4127  3.1290 -8.7194 -5.6345  1.3643 -9.2760  2.8159 -2.8989 -0.9730 -3.7721  8.3405  8.6163  4.2667 -3.6980 -2.0156 -1.1305 -1.8179 -1.4520 -4.9741  6.2012  0.3089  5.3472  7.9430 -2.4358  5.7158  1.1795  6.5881 -1.1919  4.0976 -2.8910  3.3613 -6.5803  4.4662  1.8992  8.4991 -5.7329  3.2196 -7.1923 -7.7932  6.5991 -4.7984  1.4131 -6.1434 -0.6919 -0.4665 -5.6270  2.3349  9.8470 -6.7337 -1.0878 -8.4159  4.2794 -7.5548  4.9531 
-8.8803  8.1219 -1.9848  6.1248 -3.8165  9.3479 -6.7942  4.1506 -7.2308  5.7564 -2.1261 -6.0117  7.1163 -4.7443  2.6930 -9.2332  3.6599 -8.3524 -4.6560  9.0857 -7.6019  7.6191  5.0818 -7.7107 -3.7910  4.6673  5.9080  5.0928  4.4309 -8.5161  1.9155 -3.8335 -5.7500 -6.3003 -7.5310  3.4760 -2.7041  5.6168  8.8917 -1.7233 -7.9192 -5.3289  3.4405  8.1779 -2.7913 -2.7758 -2.0574 -3.1214  8.6992 -2.7287  9.9757  1.9457  6.1793 -4.0278  4.1624  2.8811  1.7010 -6.6667  4.8908 -4.6286  0.4545 -8.1000 -4.4710  2.4426  5.4391  0.8587  2.7415 -2.3968 -1.7397 -9.9392 -0.4559  4.3057 -8.3454 -2.6554  6.8120 -0.2704  3.7103  0.0863 -5.1364  0.5645  7.4210  8.8906 -6.7026  2.4219 -2.0918  2.0635  6.0631 -8.0282 -5.5990 -6.8175 -5.6270  8.1361 -3.1538 -0.7503  4.4054 -6.9359 -0.7765  5.8764  5.3451  7.0812 
-9.0793 -8.7537 -4.1114  6.9132  7.6315  9.2868 -0.6507  9.0156  2.3308  0.4151  5.5534  5.4465 -2.9984 -0.3863  1.5264  7.3936  5.9877 -5.9927  3.4672 -7.7177 -4.3851 -9.5614  9.3467  3.8731 -6.7917 -8.8857  7.6004  9.1928 -9.8122  2.1601  0.6595  5.6358  8.1289 -1.5918  2.3983 -1.4347  8.1785 -5.2128 -1.3156 -1.1056 -2.6935 -9.4251  0.1163 -0.8691  7.0171 -8.5200  1.3656  8.8867  7.6269 -7.7762 -5.2225 -0.7411 -8.5845  5.2478  1.6397  1.4663 -6.9908  5.5197 -8.8555 -3.5223  5.1307  9.2286 -7.8699  9.8440 -2.7903  3.7728 -8.0857  7.0499 -2.1297 -7.9581  6.5395  2.6376  5.2799 -2.0756 -0.2045 -5.0354 -6.1167  5.2422 -3.1506  0.9705 -1.7610 -7.6985  7.4572  7.2676  8.5286 -7.6261 -2.1161  8.2500  4.2966  6.2309  2.3349 -3.1538  0.4572 -7.7822 -3.6107  3.6396  8.4486  0.0009 -3.6852  4.8891 
 5.2455  5.5999 -9.3817 -7.4408  3.1691 -5.5907  6.8232  6.4628  7.5036 -4.4287  1.4930 -5.8712  0.1765  6.0009  3.8302  3.3642  3.7238  3.7952 -4.9482  1.2358 -9.0679  8.0508 -6.8045  9.5897 -0.5542  4.1036 -9.2066  5.2697  0.3181  1.9021 -4.6284 -1.4694  9.3146  9.9291 -6.8125 -3.0298  7.2152 -3.5374  4.7419  7.0500  8.5916  7.9045 -6.9931  2.5165  3.8981  6.0921  1.1824  9.9767 -8.5739 -0.1711 -8.6637  8.6754 -9.0981  0.5284 -9.6155  8.4999 -3.7515  0.5570  6.8590  0.7408 -0.7955  7.1033 -5.8798 -4.3606 -8.3438 -0.9587  0.6745 -9.2697 -1.3069  6.2573  7.7577 -9.2764 -2.2325 -2.8338  4.0536  1.7984 -8.9987 -4.5389 -9.8818  4.0244 -2.1319  3.5507  5.1194 -8.5928  3.5665  8.0064  3.1098  6.5194  6.2694 -6.3884  9.8470 -0.7503 -7.7822 -8.2071  7.5983 -7.2573  5.5568 -2.8682 -2.8842 -2.1083 
 7.6792 -2.0314  1.0178  9.7607  1.7797 -4.3310  3.9012  2.2267 -2.6109  5.8262 -2.8637 -5.6061 -0.7266  5.2176  0.7953 -0.1048  4.4701 -7.2149 -1.0489 -0.0646  9.1360  3.3514  8.9669 -6.2033 -3.3416 -7.0834 -6.0619 -4.3499  0.2527  7.3543 -3.0912  9.7278  1.0635  4.3408 -3.7941 -2.8006 -0.0039  7.2343  9.0889  2.6903 -0.0544  8.4862 -7.4747 -5.8670  3.6654 -7.9656 -3.9858 -6.5043  9.4544  7.9143  3.0223  3.2556 -5.8039  6.6391  9.9211 -1.0249 -4.0836  2.9238  5.0008  1.1478  3.3359 -3.5612  0.6362 -4.7664 -2.3951 -9.5012 -8.6064  0.7501  2.4810  2.5417 -4.1985  0.8452  5.9603 -6.0674 -9.0912  3.1237  8.7536  9.9835 -9.4693 -4.6487  2.0734 -7.1067  4.2824  9.3601  5.4919  1.4236  4.5917  8.5710  6.2179  2.6752 -6.7337  4.4054 -3.6107  7.5983 -3.0213  0.3820  6.8039 -1.4372 -5.3385  9.2491 
-4.3204  6.1386  6.9336 -8.3896 -6.7975 -2.1366  6.9206  4.6378 -2.8206 -8.2664  7.1074 -3.4032  4.3726  7.8499  6.8121  0.5523  0.2898 -7.1305 -8.3298 -7.0399 -3.2915 -7.8900 -8.0546  6.8669  8.3331  8.6536 -6.4039  3.4770 -8.1509  6.4329 -1.9973 -5.1982 -8.5301 -8.3611 -2.0191  1.1810 -0.7222 -7.9789  1.2566 -1.7306  7.1580  6.8036  3.4794  4.9596  5.8616  1.5159  2.5316  0.1481  2.4562  4.5121 -4.5913  9.7608 -7.3650  4.2545  7.7769  5.3339 -3.6516  5.9382 -8.1193 -2.1364 -2.2011 -2.0058 -9.2716  0.0974  1.9155  2.6358 -4.6170 -5.7794 -7.7099 -5.6680 -0.9188  0.3953 -2.0825 -0.4210  8.6036 -1.0674 -7.9815  6.1739  1.7036  7.8916 -3.6334 -8.1042  1.3597 -0.2540  4.7665  2.1199 -8.5496  0.3135  9.9738  6.4405 -1.0878 -6.9359  3.6396 -7.2573  0.3820 -6.4841 -7.2025 -3.9047  2.7657  7.2030 
 4.9459  1.4885  7.9291  9.4615  5.6152  0.9907  0.2233  7.7025 -1.6251 -5.7585 -9.7403  5.8294 -0.3268 -2.6471 -8.9207  0.7564 -2.0914  8.3616 -0.3820 -9.3715 -7.4927 -6.9699  1.6187 -1.9733 -1.5929  6.9624  6.2800  1.3233 -1.9142  9.3720  8.7473 -7.5714 -1.1871  1.8714  7.2434 -5.5209 -5.3094 -7.8366 -6.6897  8.4970  9.4856 -7.9928 -9.4537 -5.3650  9.0270 -8.4920 -3.4072  3.6790  8.5116 -8.1781 -4.9214 -0.3361  0.6773  1.1301  0.5645 -4.4033 -3.2650 -8.0216  8.3340  5.9785 -8.1135 -4.3160 -0.3213  2.0947  4.2777 -9.6345 -6.8531  4.4197  6.4029  2.6602 -7.9103 -3.4749 -1.5089 -7.5539 -8.6018 -4.1040 -4.2900 -6.2013 -4.5520  3.8104  4.3739 -6.6351 -2.4164  8.9493  2.8531  6.9557 -1.3983  8.8932 -8.5291  1.7920 -8.4159 -0.7765  8.4486  5.5568  6.8039 -7.2025 -0.8406 -8.0108  3.0794 -5.4955 
 6.9181  4.0074  7.3931 -9.9823  8.2448 -4.3647 -8.9227  6.4370 -3.3240  0.7190 -2.4149 -4.1141 -9.2162 -8.9585 -4.1596  5.1060 -0.3520  2.7388 -0.8970  3.7842 -4.2399  8.1571 -5.8028  6.2559 -4.9875 -9.4249 -5.0638  0.3444  4.9229  5.6015  3.5289  7.6334 -6.3102  1.4618  9.0044 -4.0973  6.6841  0.4402 -0.2736 -9.5857 -3.9201 -7.7530 -0.4854 -9.7956  8.3000  9.4524  9.9287  6.5637  5.8707  9.4142 -5.3072  4.3148 -4.6433  1.6762  0.7668 -6.8575  7.3758  2.1719 -5.9338 -5.0761  2.9339  2.0736  1.5988  9.7992  2.8400 -1.3478 -2.8293 -2.2902 -7.6870  4.8547  8.4617  9.9264 -3.1946  1.7001 -1.1668 -0.0643 -4.1374  7.1367  9.2993 -4.9901  6.2609  8.5995  6.2379 -9.7917 -9.1090  1.6319 -0.6418  6.5773  2.2810  1.2835  4.2794  5.8764  0.0009 -2.8682 -1.4372 -3.9047 -8.0108  9.0704 -6.4635 -3.2777 
-6.4645 -8.2178 -0.8465  1.1048 -2.3291  2.5372  6.1803 -5.9435  7.4552  9.4429 -4.7574 -8.0978  7.0493 -9.7120  9.4246  3.7504  5.6506 -3.6846  6.3008  1.9426  2.8204  8.6850  3.5717 -5.6174 -3.6024  7.0573 -0.9472  9.0363  1.8152  5.3156 -4.8053 -0.7311  3.5438 -1.3325 -6.0284  2.1756  1.5885  1.1548 -5.0164  7.3708 -4.4936  0.1903  5.3288 -6.2048 -6.1630 -1.2395  1.8910 -9.7903  8.3216  1.9675  0.9096  1.0397  7.9366  4.2126  9.9137 -2.4942 -6.8568  8.3386  1.9847 -7.7967 -8.3119 -7.1149  6.6980  6.6303 -0.3599 -6.5312  3.6895 -0.1680 -7.7735 -3.4415 -6.0641  2.4850  8.3127 -4.4607 -4.2301  8.7281  1.7482 -0.4648 -6.7637 -5.5800 -7.9967 -3.0618  9.2866 -9.2764  0.8515  2.8435  4.3035 -8.2629 -2.1423 -2.1464 -7.5548  5.3451 -3.6852 -2.8842 -5.3385  2.7657  3.0794 -6.4635 -4.5404  7.1762 
-6.5894  1.5942  4.5259  6.8163 -3.7816  6.4226  9.1272 -5.9798 -0.7786  0.9728 -3.8382 -9.1799  9.4470  5.6125  2.4604  6.8736 -1.6846  3.9332 -7.8881 -8.0009  3.6788 -5.3917  4.6571  0.7939  1.8266  6.7759  8.0520  4.6422  7.9356  8.7964 -2.9702  8.9974  9.3802 -1.2015 -0.5198 -6.0121  1.8997  1.7191 -6.4021 -5.0723 -9.2060 -4.4044  4.8894  9.2788  6.6725 -6.0590 -0.7726  8.7940 -8.5538  4.1741 -7.3001 -0.5788 -0.4732 -8.4585 -0.9061  9.1946  7.5770  1.3802  0.3927 -2.3683 -7.7576  0.2935  7.0914  2.1658  8.8629  2.4724  6.9597  9.9364 -4.2534  8.4069 -1.3518 -5.0132  5.0162  0.3636 -4.6692  9.9496  0.6746  7.5090 -1.1322  7.1533 -8.1002  2.4784 -4.6008  3.9124  3.8769  0.8680 -0.5073  1.0132  4.5808  3.7639  4.9531  7.0812  4.8891 -2.1083  9.2491  7.2030 -5.4955 -3.2777  7.1762 -4.8291 
--------------------------------------------------------------------------------------------------------------------------------------------------------------------------------------------------------------------------------------------------------------------------------------------------------------------------------------------------------------------------------------------------------------------------------------------------------------------------------------------------------------------
run cycle counts is 144115.
--------------------------------------------------------------------------------------------------------------------------------------------------------------------------------------------------------------------------------------------------------------------------------------------------------------------------------------------------------------------------------------------------------------------------------------------------------------------------------------------------------------------
the given number of lowest eigenvalues are :
--------------------------------------------------------------------------------------------------------------------------------------------------------------------------------------------------------------------------------------------------------------------------------------------------------------------------------------------------------------------------------------------------------------------------------------------------------------------------------------------------------------------
-105.8485 -105.1331 -95.2458 
0.30
