0 1
0.1 0.950132
0.2 0.900852
0.3 0.852644
0.4 0.805981
0.5 0.761321
0.6 0.719104
0.7 0.679746
0.8 0.643634
0.9 0.611124
1 0.582536
1.1 0.558154
1.2 0.538218
1.3 0.522925
1.4 0.512426
1.5 0.506825
1.6 0.506177
1.7 0.510489
1.8 0.519718
1.9 0.533773
2 0.552515
2.1 0.575759
2.2 0.603274
2.3 0.63479
2.4 0.669995
2.5 0.708543
2.6 0.750053
2.7 0.794117
2.8 0.8403
2.9 0.88815
3 0.937197
3.1 0.986959
3.2 1.03695
3.3 1.08668
3.4 1.13566
3.5 1.18341
3.6 1.22947
3.7 1.27339
3.8 1.31474
3.9 1.35311
4 1.38815
4.1 1.41949
4.2 1.44685
4.3 1.46995
4.4 1.48857
4.5 1.50253
4.6 1.51169
4.7 1.51597
4.8 1.51533
4.9 1.50976
5 1.49933
5.1 1.48413
5.2 1.46432
5.3 1.44008
5.4 1.41165
5.5 1.37931
5.6 1.34337
5.7 1.30418
5.8 1.26211
5.9 1.21759
6 1.17104
6.1 1.12292
6.2 1.0737
6.3 1.02386
6.4 0.973879
6.5 0.924257
6.6 0.875478
6.7 0.82802
6.8 0.782349
6.9 0.738913
7 0.698141
7.1 0.660434
7.2 0.626163
7.3 0.595666
7.4 0.569245
7.5 0.547161
7.6 0.529631
7.7 0.516829
7.8 0.508881
7.9 0.505867
8 0.507815
8.1 0.514706
8.2 0.526474
8.3 0.543
8.4 0.564122
8.5 0.589631
8.6 0.619275
8.7 0.652761
8.8 0.68976
8.9 0.729906
9 0.772803
9.1 0.818031
9.2 0.865144
9.3 0.913679
9.4 0.96316
9.5 1.0131
9.6 1.06302
9.7 1.11241
9.8 1.16081
9.9 1.20774
10 1.25273
10.1 1.29536
10.2 1.3352
10.3 1.37187
10.4 1.40502
10.5 1.43431
10.6 1.45947
10.7 1.48026
10.8 1.49646
10.9 1.50793
11 1.51454
11.1 1.51625
11.2 1.51303
11.3 1.50491
11.4 1.49197
11.5 1.47434
11.6 1.45218
11.7 1.42572
11.8 1.39521
11.9 1.36094
12 1.32326
12.1 1.28251
12.2 1.23911
12.3 1.19347
12.4 1.14605
12.5 1.09729
12.6 1.04768
12.7 0.997707
12.8 0.947855
12.9 0.898614
13 0.850466
13.1 0.803885
13.2 0.759328
13.3 0.717234
13.4 0.678016
13.5 0.642061
13.6 0.609724
13.7 0.581324
13.8 0.557141
13.9 0.537414
14 0.522337
14.1 0.512061
14.2 0.506686
14.3 0.506266
14.4 0.510805
14.5 0.520258
14.6 0.534531
14.7 0.553484
14.8 0.576929
14.9 0.604634
15 0.636326
15.1 0.671693
15.2 0.710385
15.3 0.752021
15.4 0.796191
15.5 0.842462
15.6 0.890377
15.7 0.939467
15.8 0.98925
15.9 1.03924
16 1.08894
16.1 1.13788
16.2 1.18556
16.3 1.23153
16.4 1.27534
16.5 1.31657
16.6 1.3548
16.7 1.38967
16.8 1.42084
16.9 1.448
17 1.4709
17.1 1.48931
17.2 1.50306
17.3 1.512
17.4 1.51605
17.5 1.51518
17.6 1.50939
17.7 1.49874
17.8 1.48333
17.9 1.4633
18 1.43887
18.1 1.41025
18.2 1.37774
18.3 1.34164
18.4 1.30231
18.5 1.26012
18.6 1.2155
18.7 1.16887
18.8 1.12069
18.9 1.07142
19 1.02156
19.1 0.971592
19.2 0.921998
19.3 0.873269
19.4 0.825883
19.5 0.780304
19.6 0.736982
19.7 0.696342
19.8 0.658784
19.9 0.624679
20 0.594363
20.1 0.568136
20.2 0.546256
20.3 0.528939
20.4 0.516357
20.5 0.508635
20.6 0.505847
20.7 0.508023
20.8 0.51514
20.9 0.527128
21 0.543869
21.1 0.565197
21.2 0.590902
21.3 0.620729
21.4 0.654384
21.5 0.691535
21.6 0.731816
21.7 0.77483
21.8 0.820154
21.9 0.867342
22 0.915931
22.1 0.965444
22.2 1.0154
22.3 1.0653
22.4 1.11466
22.5 1.163
22.6 1.20984
22.7 1.25474
22.8 1.29725
22.9 1.33696
23 1.37347
23.1 1.40645
23.2 1.43556
23.3 1.46052
23.4 1.4811
23.5 1.49709
23.6 1.50834
23.7 1.51473
23.8 1.51621
23.9 1.51276
24 1.50442
24.1 1.49126
24.2 1.47342
24.3 1.45106
24.4 1.42441
24.5 1.39372
24.6 1.35929
24.7 1.32145
24.8 1.28058
24.9 1.23706
25 1.19133
25.1 1.14383
25.2 1.09503
25.3 1.04539
25.4 0.995414
25.5 0.94558
25.6 0.896378
25.7 0.848292
25.8 0.801794
25.9 0.757341
26 0.715369
26.1 0.676293
26.2 0.640497
26.3 0.608334
26.4 0.580121
26.5 0.556137
26.6 0.536619
26.7 0.52176
26.8 0.511707
26.9 0.506558
27 0.506366
27.1 0.511132
27.2 0.520808
27.3 0.535299
27.4 0.554462
27.5 0.578108
27.6 0.606002
27.7 0.63787
27.8 0.673397
27.9 0.712233
28 0.753994
28.1 0.798271
28.2 0.844627
28.3 0.892606
28.4 0.941739
28.5 0.991542
28.6 1.04153
28.7 1.09121
28.8 1.14009
28.9 1.18771
29 1.23359
29.1 1.27729
29.2 1.31839
29.3 1.35647
29.4 1.39118
29.5 1.42217
29.6 1.44915
29.7 1.47185
29.8 1.49005
29.9 1.50357
30 1.51229
30.1 1.51612
30.2 1.51502
30.3 1.50901
30.4 1.49813
30.5 1.48251
30.6 1.46228
30.7 1.43765
30.8 1.40885
30.9 1.37616
31 1.3399
31.1 1.30043
31.2 1.25813
31.3 1.2134
31.4 1.16669
31.5 1.11845
31.6 1.06915
31.7 1.01927
31.8 0.969305
31.9 0.919741
32 0.871063
32.1 0.82375
32.2 0.778265
32.3 0.735056
32.4 0.694549
32.5 0.657142
32.6 0.623203
32.7 0.593069
32.8 0.567035
32.9 0.54536
33 0.528257
33.1 0.515896
33.2 0.508398
33.3 0.505838
33.4 0.508242
33.5 0.515584
33.6 0.527793
33.7 0.544748
33.8 0.566282
33.9 0.592181
34 0.622191
34.1 0.656013
34.2 0.693316
34.3 0.733732
34.4 0.776861
34.5 0.822281
34.6 0.869544
34.7 0.918186
34.8 0.967729
34.9 1.01769
35 1.06758
35.1 1.1169
35.2 1.16518
35.3 1.21195
35.4 1.25675
35.5 1.29913
35.6 1.3387
35.7 1.37507
35.8 1.40787
35.9 1.4368
36 1.46157
36.1 1.48194
36.2 1.49771
36.3 1.50874
36.4 1.51491
36.5 1.51616
36.6 1.51249
36.7 1.50392
36.8 1.49055
36.9 1.47249
37 1.44993
37.1 1.42309
37.2 1.39222
37.3 1.35762
37.4 1.31964
37.5 1.27864
37.6 1.23501
37.7 1.18919
37.8 1.14162
37.9 1.09277
38 1.04311
38.1 0.993122
38.2 0.943306
38.3 0.894145
38.4 0.846122
38.5 0.799707
38.6 0.755358
38.7 0.713511
38.8 0.674577
38.9 0.63894
39 0.606951
39.1 0.578926
39.2 0.555143
39.3 0.535835
39.4 0.521193
39.5 0.511363
39.6 0.506441
39.7 0.506476
39.8 0.511468
39.9 0.521368
40 0.536077
40.1 0.55545
40.2 0.579296
40.3 0.607379
40.4 0.639422
40.5 0.675109
40.6 0.714087
40.7 0.755973
40.8 0.800355
40.9 0.846795
41 0.894838
41.1 0.944012
41.2 0.993834
41.3 1.04382
41.4 1.09347
41.5 1.14231
41.6 1.18986
41.7 1.23565
41.8 1.27924
41.9 1.3202
42 1.35814
42.1 1.39269
42.2 1.4235
42.3 1.45028
42.4 1.47278
42.5 1.49077
42.6 1.50408
42.7 1.51257
42.8 1.51618
42.9 1.51485
43 1.50861
43.1 1.49752
43.2 1.48168
43.3 1.46124
43.4 1.43641
43.5 1.40743
43.6 1.37457
43.7 1.33816
43.8 1.29855
43.9 1.25612
44 1.2113
44.1 1.1645
44.2 1.1162
44.3 1.06687
44.4 1.01698
44.5 0.96702
44.6 0.917486
44.7 0.86886
44.8 0.82162
44.9 0.77623
45 0.733136
45.1 0.692763
45.2 0.655507
45.3 0.621736
45.4 0.591783
45.5 0.565944
45.6 0.544474
45.7 0.527586
45.8 0.515445
45.9 0.508172
46 0.50584
46.1 0.50847
46.2 0.516038
46.3 0.528468
46.4 0.545637
46.5 0.567376
46.6 0.59347
46.7 0.623661
46.8 0.657651
46.9 0.695105
47 0.735653
47.1 0.778897
47.2 0.824411
47.3 0.871748
47.4 0.920442
47.5 0.970015
47.6 1.01998
47.7 1.06985
47.8 1.11914
47.9 1.16736
48 1.21405
48.1 1.25875
48.2 1.30101
48.3 1.34044
48.4 1.37665
48.5 1.40928
48.6 1.43803
48.7 1.4626
48.8 1.48276
48.9 1.49832
49 1.50913
49.1 1.51507
49.2 1.5161
49.3 1.5122
49.4 1.50341
49.5 1.48982
49.6 1.47155
49.7 1.44879
49.8 1.42176
49.9 1.39071
50 1.35595
50.1 1.31782
50.2 1.27669
50.3 1.23295
50.4 1.18704
50.5 1.13941
50.6 1.0905
50.7 1.04082
50.8 0.99083
50.9 0.941033
51 0.891914
51.1 0.843954
51.2 0.797625
51.3 0.753381
51.4 0.711658
51.5 0.672867
51.6 0.63739
51.7 0.605577
51.8 0.577741
51.9 0.554158
52 0.53506
52.1 0.520636
52.2 0.511029
52.3 0.506334
52.4 0.506597
52.5 0.511816
52.6 0.521938
52.7 0.536865
52.8 0.556448
52.9 0.580493
53 0.608764
53.1 0.640981
53.2 0.676827
53.3 0.715947
53.4 0.757957
53.5 0.802443
53.6 0.848967
53.7 0.897072
53.8 0.946286
53.9 0.996126
54 1.0461
54.1 1.09573
54.2 1.14452
54.3 1.192
54.4 1.2377
54.5 1.28118
54.6 1.32201
54.7 1.3598
54.8 1.39418
54.9 1.42482
55 1.45141
55.1 1.47371
55.2 1.49148
55.3 1.50457
55.4 1.51285
55.5 1.51622
55.6 1.51467
55.7 1.50821
55.8 1.4969
55.9 1.48084
56 1.4602
56.1 1.43517
56.2 1.40601
56.3 1.37298
56.4 1.33641
56.5 1.29666
56.6 1.25412
56.7 1.20919
56.8 1.16232
56.9 1.11396
57 1.06459
57.1 1.01468
57.2 0.964735
57.3 0.915232
57.4 0.86666
57.5 0.819495
57.6 0.7742
57.7 0.731222
57.8 0.690983
57.9 0.653879
58 0.620276
58.1 0.590506
58.2 0.564862
58.3 0.543598
58.4 0.526924
58.5 0.515004
58.6 0.507957
58.7 0.505852
58.8 0.50871
58.9 0.516502
59 0.529153
59.1 0.546536
59.2 0.568479
59.3 0.594767
59.4 0.625139
59.5 0.659295
59.6 0.696899
59.7 0.737581
59.8 0.780938
59.9 0.826546
60 0.873955
60.1 0.922699
60.2 0.972302
60.3 1.02228
60.4 1.07213
60.5 1.12138
60.6 1.16954
60.7 1.21615
60.8 1.26074
60.9 1.30289
61 1.34218
61.1 1.37823
61.2 1.41069
61.3 1.43925
61.4 1.46362
61.5 1.48358
61.6 1.49892
61.7 1.50951
61.8 1.51523
61.9 1.51603
62 1.5119
62.1 1.50289
62.2 1.48908
62.3 1.47061
62.4 1.44765
62.5 1.42042
62.6 1.3892
62.7 1.35428
62.8 1.316
62.9 1.27474
63 1.23089
63.1 1.18489
63.2 1.13719
63.3 1.08824
63.4 1.03853
63.5 0.988539
63.6 0.938762
63.7 0.889686
63.8 0.84179
63.9 0.795547
64 0.751409
64.1 0.709812
64.2 0.671165
64.3 0.635848
64.4 0.604211
64.5 0.576564
64.6 0.553182
64.7 0.534295
64.8 0.520089
64.9 0.510706
65 0.506237
65.1 0.506728
65.2 0.512173
65.3 0.522519
65.4 0.537662
65.5 0.557454
65.6 0.581699
65.7 0.610158
65.8 0.642549
65.9 0.678552
66 0.717814
66.1 0.759946
66.2 0.804535
66.3 0.851142
66.4 0.899308
66.5 0.948562
66.6 0.998419
66.7 1.04839
66.8 1.09799
66.9 1.14673
67 1.19414
67.1 1.23975
67.2 1.28311
67.3 1.32381
67.4 1.36146
67.5 1.39567
67.6 1.42613
67.7 1.45253
67.8 1.47462
67.9 1.49219
68 1.50506
68.1 1.51311
68.2 1.51626
68.3 1.51449
68.4 1.5078
68.5 1.49626
68.6 1.47999
68.7 1.45915
68.8 1.43392
68.9 1.40457
69 1.37138
69.1 1.33466
69.2 1.29477
69.3 1.25211
69.4 1.20708
69.5 1.16013
69.6 1.11172
69.7 1.06231
69.8 1.01239
69.9 0.962452
70 0.91298
70.1 0.864462
70.2 0.817373
70.3 0.772175
70.4 0.729314
70.5 0.68921
70.6 0.652259
70.7 0.618825
70.8 0.589238
70.9 0.563789
71 0.542732
71.1 0.526272
71.2 0.514574
71.3 0.507752
71.4 0.505874
71.5 0.50896
71.6 0.516977
71.7 0.529847
71.8 0.547444
71.9 0.569591
72 0.596072
72.1 0.626625
72.2 0.660947
72.3 0.698701
72.4 0.739514
72.5 0.782984
72.6 0.828684
72.7 0.876165
72.8 0.924959
72.9 0.974589
73 1.02457
73.1 1.07441
73.2 1.12362
73.3 1.17172
73.4 1.21824
73.5 1.26273
73.6 1.30475
73.7 1.3439
73.8 1.3798
73.9 1.41209
74 1.44046
74.1 1.46463
74.2 1.48438
74.3 1.49951
74.4 1.50988
74.5 1.51537
74.6 1.51595
74.7 1.5116
74.8 1.50236
74.9 1.48834
75 1.46965
75.1 1.44649
75.2 1.41907
75.3 1.38767
75.4 1.35259
75.5 1.31417
75.6 1.27278
75.7 1.22883
75.8 1.18274
75.9 1.13497
76 1.08597
76.1 1.03624
76.2 0.986247
76.3 0.936492
76.4 0.88746
76.5 0.83963
76.6 0.793473
76.7 0.749443
76.8 0.707972
76.9 0.66947
77 0.634315
77.1 0.602853
77.2 0.575397
77.3 0.552216
77.4 0.533539
77.5 0.519552
77.6 0.510393
77.7 0.506151
77.8 0.506869
77.9 0.512541
78 0.523109
78.1 0.538469
78.2 0.55847
78.3 0.582914
78.4 0.611559
78.5 0.644123
78.6 0.680284
78.7 0.719686
78.8 0.761941
78.9 0.806632
79 0.85332
79.1 0.901547
79.2 0.950839
79.3 1.00071
79.4 1.05068
79.5 1.10025
79.6 1.14894
79.7 1.19627
79.8 1.24179
79.9 1.28504
80 1.32561
80.1 1.3631
80.2 1.39715
80.3 1.42743
80.4 1.45364
80.5 1.47553
80.6 1.49288
80.7 1.50553
80.8 1.51336
80.9 1.51629
81 1.51429
81.1 1.50737
81.2 1.49562
81.3 1.47914
81.4 1.45808
81.5 1.43267
81.6 1.40313
81.7 1.36977
81.8 1.33289
81.9 1.29287
82 1.25009
82.1 1.20497
82.2 1.15794
82.3 1.10947
82.4 1.06003
82.5 1.0101
82.6 0.960169
82.7 0.910731
82.8 0.862268
82.9 0.815255
83 0.770155
83.1 0.727411
83.2 0.687443
83.3 0.650646
83.4 0.617381
83.5 0.587978
83.6 0.562726
83.7 0.541875
83.8 0.52563
83.9 0.514153
84 0.507557
84.1 0.505907
84.2 0.50922
84.3 0.517462
84.4 0.530552
84.5 0.548361
84.6 0.570713
84.7 0.597386
84.8 0.628119
84.9 0.662606
85 0.700508
85.1 0.741452
85.2 0.785034
85.3 0.830826
85.4 0.878377
85.5 0.927221
85.6 0.976877
85.7 1.02686
85.8 1.07668
85.9 1.12585
86 1.17389
86.1 1.22033
86.2 1.26471
86.3 1.30662
86.4 1.34562
86.5 1.38136
86.6 1.41348
86.7 1.44166
86.8 1.46564
86.9 1.48518
87 1.50009
87.1 1.51023
87.2 1.51551
87.3 1.51586
87.4 1.51128
87.5 1.50182
87.6 1.48758
87.7 1.46869
87.8 1.44532
87.9 1.41772
88 1.38614
88.1 1.3509
88.2 1.31233
88.3 1.27082
88.4 1.22676
88.5 1.18058
88.6 1.13274
88.7 1.0837
88.8 1.03395
88.9 0.983957
89 0.934224
89.1 0.885236
89.2 0.837473
89.3 0.791404
89.4 0.747482
89.5 0.706139
89.6 0.667781
89.7 0.632788
89.8 0.601504
89.9 0.574238
90 0.551259
90.1 0.532794
90.2 0.519026
90.3 0.51009
90.4 0.506075
90.5 0.507021
90.6 0.512919
90.7 0.523709
90.8 0.539286
90.9 0.559496
91 0.584138
91.1 0.612969
91.2 0.645705
91.3 0.682023
91.4 0.721565
91.5 0.76394
91.6 0.808733
91.7 0.855502
91.8 0.903788
91.9 0.953117
92 1.003
92.1 1.05296
92.2 1.1025
92.3 1.15114
92.4 1.1984
92.5 1.24382
92.6 1.28696
92.7 1.3274
92.8 1.36474
92.9 1.39863
93 1.42872
93.1 1.45474
93.2 1.47642
93.3 1.49357
93.4 1.506
93.5 1.5136
93.6 1.5163
93.7 1.51408
93.8 1.50694
93.9 1.49497
94 1.47827
94.1 1.45701
94.2 1.4314
94.3 1.40168
94.4 1.36815
94.5 1.33112
94.6 1.29097
94.7 1.24807
94.8 1.20285
94.9 1.15574
95 1.10722
95.1 1.05774
95.2 1.0078
95.3 0.957887
95.4 0.908483
95.5 0.860077
95.6 0.813142
95.7 0.76814
95.8 0.725514
95.9 0.685683
96 0.64904
96.1 0.615946
96.2 0.586727
96.3 0.561672
96.4 0.541027
96.5 0.524999
96.6 0.513743
96.7 0.507373
96.8 0.505951
96.9 0.50949
97 0.517957
97.1 0.531267
97.2 0.549288
97.3 0.571843
97.4 0.598709
97.5 0.62962
97.6 0.664272
97.7 0.702322
97.8 0.743396
97.9 0.787089
98 0.832972
98.1 0.880592
98.2 0.929484
98.3 0.979166
98.4 1.02915
98.5 1.07895
98.6 1.12808
98.7 1.17606
98.8 1.22241
98.9 1.26669
99 1.30847
99.1 1.34734
99.2 1.38291
99.3 1.41486
99.4 1.44285
99.5 1.46663
99.6 1.48597
99.7 1.50066
99.8 1.51058
99.9 1.51563
100 1.51575
100.1 1.51095
100.2 1.50128
100.3 1.48681
100.4 1.46771
100.5 1.44415
100.6 1.41636
100.7 1.3846
100.8 1.3492
100.9 1.31049
101 1.26885
101.1 1.22468
101.2 1.17842
101.3 1.13052
101.4 1.08143
101.5 1.03166
101.6 0.981667
101.7 0.931958
101.8 0.883015
101.9 0.83532
102 0.789339
102.1 0.745526
102.2 0.704311
102.3 0.6661
102.4 0.63127
102.5 0.600164
102.6 0.573089
102.7 0.550312
102.8 0.532059
102.9 0.518509
103 0.509798
103.1 0.50601
103.2 0.507184
103.3 0.513307
103.4 0.52432
103.5 0.540113
103.6 0.560531
103.7 0.58537
103.8 0.614387
103.9 0.647295
104 0.683769
104.1 0.723449
104.2 0.765945
104.3 0.810838
104.4 0.857686
104.5 0.906031
104.6 0.955396
104.7 1.0053
104.8 1.05525
104.9 1.10476
105 1.15334
105.1 1.20053
105.2 1.24585
105.3 1.28888
105.4 1.32918
105.5 1.36637
105.6 1.40009
105.7 1.43001
105.8 1.45583
105.9 1.47731
106 1.49424
106.1 1.50645
106.2 1.51383
106.3 1.51631
106.4 1.51386
106.5 1.5065
106.6 1.4943
106.7 1.47739
106.8 1.45593
106.9 1.43013
107 1.40023
107.1 1.36653
107.2 1.32935
107.3 1.28906
107.4 1.24604
107.5 1.20072
107.6 1.15355
107.7 1.10497
107.8 1.05546
107.9 1.00551
108 0.955607
108.1 0.906238
108.2 0.857888
108.3 0.811032
108.4 0.76613
108.5 0.723623
108.6 0.68393
108.7 0.647442
108.8 0.614519
108.9 0.585485
109 0.560627
109.1 0.54019
109.2 0.524377
109.3 0.513344
109.4 0.507199
109.5 0.506004
109.6 0.509771
109.7 0.518462
109.8 0.531991
109.9 0.550225
110 0.572983
110.1 0.60004
110.2 0.63113
110.3 0.665945
110.4 0.704143
110.5 0.745346
110.6 0.789149
110.7 0.835121
110.8 0.88281
110.9 0.931748
111 0.981455
111.1 1.03144
111.2 1.08122
111.3 1.13031
111.4 1.17822
111.5 1.22449
111.6 1.26867
111.7 1.31032
111.8 1.34904
111.9 1.38446
112 1.41623
112.1 1.44404
112.2 1.46762
112.3 1.48674
112.4 1.50122
112.5 1.51092
112.6 1.51574
112.7 1.51564
112.8 1.51062
112.9 1.50072
113 1.48604
113.1 1.46673
113.2 1.44296
113.3 1.41498
113.4 1.38306
113.5 1.3475
113.6 1.30864
113.7 1.26688
113.8 1.2226
113.9 1.17626
114 1.12829
114.1 1.07916
114.2 1.02936
114.3 0.979377
114.4 0.929693
114.5 0.880797
114.6 0.83317
114.7 0.787279
114.8 0.743576
114.9 0.70249
115 0.664426
115.1 0.629759
115.2 0.598832
115.3 0.571948
115.4 0.549374
115.5 0.531333
115.6 0.518003
115.7 0.509516
115.8 0.505955
115.9 0.507356
116 0.513706
116.1 0.524941
116.2 0.54095
116.3 0.561575
116.4 0.586612
116.5 0.615814
116.6 0.648892
116.7 0.685521
116.8 0.725339
116.9 0.767954
117 0.812947
117.1 0.859874
117.2 0.908276
117.3 0.957677
117.4 1.00759
117.5 1.05753
117.6 1.10701
117.7 1.15554
117.8 1.20265
117.9 1.24788
118 1.29079
118.1 1.33096
118.2 1.368
118.3 1.40155
118.4 1.43128
118.5 1.45691
118.6 1.47819
118.7 1.4949
118.8 1.5069
118.9 1.51406
119 1.51631
119.1 1.51363
119.2 1.50604
119.3 1.49363
119.4 1.47651
119.5 1.45484
119.6 1.42884
119.7 1.39876
119.8 1.36489
119.9 1.32757
120 1.28714
120.1 1.24401
120.2 1.1986
120.3 1.15135
120.4 1.10271
120.5 1.05317
120.6 1.00322
120.7 0.953327
120.8 0.903995
120.9 0.855703
121 0.808927
121.1 0.764125
121.2 0.721738
121.3 0.682184
121.4 0.645852
121.5 0.6131
121.6 0.584251
121.7 0.559591
121.8 0.539362
121.9 0.523765
122 0.512954
122.1 0.507036
122.2 0.506069
122.3 0.510062
122.4 0.518977
122.5 0.532726
122.6 0.551171
122.7 0.574132
122.8 0.60138
122.9 0.632648
123 0.667626
123.1 0.70597
123.2 0.747301
123.3 0.791213
123.4 0.837274
123.5 0.885031
123.6 0.934015
123.7 0.983745
123.8 1.03374
123.9 1.08349
124 1.13254
124.1 1.18038
124.2 1.22657
124.3 1.27064
124.4 1.31216
124.5 1.35074
124.6 1.386
124.7 1.41759
124.8 1.44521
124.9 1.4686
125 1.48751
125.1 1.50177
125.2 1.51125
125.3 1.51585
125.4 1.51552
125.5 1.51027
125.6 1.50015
125.7 1.48525
125.8 1.46573
125.9 1.44177
126 1.4136
126.1 1.3815
126.2 1.34578
126.3 1.30679
126.4 1.2649
126.5 1.22052
126.6 1.17409
126.7 1.12606
126.8 1.07689
126.9 1.02707
127 0.977088
127.1 0.927429
127.2 0.878581
127.3 0.831024
127.4 0.785224
127.5 0.741631
127.6 0.700675
127.7 0.662759
127.8 0.628257
127.9 0.597508
128 0.570817
128.1 0.548446
128.2 0.530618
128.3 0.517507
128.4 0.509244
128.5 0.505911
128.6 0.50754
128.7 0.514115
128.8 0.525571
128.9 0.541796
129 0.562628
129.1 0.587862
129.2 0.617248
129.3 0.650497
129.4 0.68728
129.5 0.727235
129.6 0.769969
129.7 0.81506
129.8 0.862065
129.9 0.910523
130 0.959958
130.1 1.00989
130.2 1.05982
130.3 1.10926
130.4 1.15774
130.5 1.20477
130.6 1.2499
130.7 1.2927
130.8 1.33273
130.9 1.36962
131 1.403
131.1 1.43255
131.2 1.45799
131.3 1.47906
131.4 1.49556
131.5 1.50733
131.6 1.51427
131.7 1.51629
131.8 1.51338
131.9 1.50558
132 1.49295
132.1 1.47561
132.2 1.45374
132.3 1.42755
132.4 1.39729
132.5 1.36325
132.6 1.32578
132.7 1.28522
132.8 1.24197
132.9 1.19647
133 1.14914
133.1 1.10046
133.2 1.05089
133.3 1.00092
133.4 0.951049
133.5 0.901754
133.6 0.853521
133.7 0.806825
133.8 0.762125
133.9 0.719859
134 0.680444
134.1 0.644269
134.2 0.611689
134.3 0.583027
134.4 0.558564
134.5 0.538544
134.6 0.523164
134.7 0.512575
134.8 0.506883
134.9 0.506143
135 0.510364
135.1 0.519503
135.2 0.53347
135.3 0.552127
135.4 0.575289
135.5 0.602728
135.6 0.634173
135.7 0.669313
135.8 0.707803
135.9 0.749262
136 0.793282
136.1 0.839431
136.2 0.887254
136.3 0.936283
136.4 0.986036
136.5 1.03603
136.6 1.08576
136.7 1.13476
136.8 1.18254
136.9 1.22864
137 1.2726
137.1 1.314
137.2 1.35244
137.3 1.38753
137.4 1.41895
137.5 1.44638
137.6 1.46956
137.7 1.48827
137.8 1.50231
137.9 1.51157
138 1.51594
138.1 1.51538
138.2 1.50991
138.3 1.49957
138.4 1.48446
138.5 1.46473
138.6 1.44057
138.7 1.41222
138.8 1.37994
138.9 1.34406
139 1.30493
139.1 1.26291
139.2 1.21843
139.3 1.17192
139.4 1.12382
139.5 1.07462
139.6 1.02478
139.7 0.9748
139.8 0.925168
139.9 0.876369
140 0.828882
140.1 0.783173
140.2 0.739692
140.3 0.698867
140.4 0.6611
140.5 0.626762
140.6 0.596193
140.7 0.569694
140.8 0.547528
140.9 0.529912
141 0.517021
141.1 0.508983
141.2 0.505877
141.3 0.507733
141.4 0.514534
141.5 0.526212
141.6 0.542652
141.7 0.563691
141.8 0.589121
141.9 0.618691
142 0.652109
142.1 0.689046
142.2 0.729138
142.3 0.771988
142.4 0.817177
142.5 0.864259
142.6 0.912773
142.7 0.962241
142.8 1.01218
142.9 1.0621
143 1.11151
143.1 1.15993
143.2 1.20689
143.3 1.25192
143.4 1.29459
143.5 1.33449
143.6 1.37123
143.7 1.40444
143.8 1.43381
143.9 1.45905
144 1.47991
144.1 1.4962
144.2 1.50776
144.3 1.51447
144.4 1.51626
144.5 1.51313
144.6 1.5051
144.7 1.49225
144.8 1.47471
144.9 1.45263
145 1.42625
145.1 1.39581
145.2 1.36161
145.3 1.32398
145.4 1.28329
145.5 1.23993
145.6 1.19433
145.7 1.14694
145.8 1.0982
145.9 1.0486
146 0.998631
146.1 0.948772
146.2 0.899515
146.3 0.851343
146.4 0.804728
146.5 0.76013
146.6 0.717986
146.7 0.678712
146.8 0.642693
146.9 0.610286
147 0.581811
147.1 0.557547
147.2 0.537736
147.3 0.522572
147.4 0.512206
147.5 0.50674
147.6 0.506228
147.7 0.510676
147.8 0.520039
147.9 0.534224
148 0.553092
148.1 0.576456
148.2 0.604085
148.3 0.635706
148.4 0.671008
148.5 0.709642
148.6 0.751227
148.7 0.795355
148.8 0.841591
148.9 0.88948
149 0.938552
149.1 0.988327
149.2 1.03832
149.3 1.08803
149.4 1.13698
149.5 1.1847
149.6 1.2307
149.7 1.27456
149.8 1.31583
149.9 1.35412
150 1.38906
150.1 1.4203
150.2 1.44754
150.3 1.47052
150.4 1.48901
150.5 1.50285
150.6 1.51188
150.7 1.51602
150.8 1.51524
150.9 1.50954
151 1.49898
151.1 1.48365
151.2 1.46372
151.3 1.43936
151.4 1.41082
151.5 1.37837
151.6 1.34234
151.7 1.30306
151.8 1.26092
151.9 1.21634
152 1.16974
152.1 1.12159
152.2 1.07234
152.3 1.02249
152.4 0.972513
152.5 0.922908
152.6 0.874159
152.7 0.826743
152.8 0.781127
152.9 0.737759
153 0.697065
153.1 0.659447
153.2 0.625275
153.3 0.594887
153.4 0.568581
153.5 0.546619
153.6 0.529216
153.7 0.516545
153.8 0.508732
153.9 0.505853
154 0.507937
154.1 0.514964
154.2 0.526863
154.3 0.543517
154.4 0.564762
154.5 0.590388
154.6 0.620142
154.7 0.653729
154.8 0.690819
154.9 0.731045
155 0.774013
155.1 0.819298
155.2 0.866457
155.3 0.915024
155.4 0.964524
155.5 1.01447
155.6 1.06438
155.7 1.11375
155.8 1.16212
155.9 1.209
156 1.25393
156.1 1.29649
156.2 1.33625
156.3 1.37283
156.4 1.40587
156.5 1.43506
156.6 1.4601
156.7 1.48076
156.8 1.49684
156.9 1.50817
157 1.51466
157.1 1.51623
157.2 1.51287
157.3 1.50462
157.4 1.49155
157.5 1.47379
157.6 1.45152
157.7 1.42494
157.8 1.39432
157.9 1.35996
158 1.32218
158.1 1.28136
158.2 1.23789
158.3 1.1922
158.4 1.14473
158.5 1.09594
158.6 1.04632
158.7 0.996338
158.8 0.946496
158.9 0.897278
159 0.849167
159.1 0.802636
159.2 0.75814
159.3 0.716119
159.4 0.676986
159.5 0.641125
159.6 0.608892
159.7 0.580604
159.8 0.55654
159.9 0.536938
160 0.521991
160.1 0.511848
160.2 0.506608
160.3 0.506324
160.4 0.510998
160.5 0.520585
160.6 0.534988
160.7 0.554067
160.8 0.577632
160.9 0.60545
161 0.637247
161.1 0.67271
161.2 0.711487
161.3 0.753199
161.4 0.797433
161.5 0.843754
161.6 0.891708
161.7 0.940823
161.8 0.990619
161.9 1.04061
162 1.0903
162.1 1.1392
162.2 1.18685
162.3 1.23276
162.4 1.27651
162.5 1.31765
162.6 1.3558
162.7 1.39057
162.8 1.42164
162.9 1.44869
163 1.47147
163.1 1.48975
163.2 1.50337
163.3 1.51217
163.4 1.51609
163.5 1.51509
163.6 1.50916
163.7 1.49838
163.8 1.48284
163.9 1.46269
164 1.43814
164.1 1.40941
164.2 1.3768
164.3 1.3406
164.4 1.30119
164.5 1.25893
164.6 1.21424
164.7 1.16757
164.8 1.11935
164.9 1.07006
165 1.02019
165.1 0.970226
165.2 0.92065
165.3 0.871951
165.4 0.824608
165.5 0.779085
165.6 0.735831
165.7 0.69527
165.8 0.657802
165.9 0.623796
166 0.593589
166.1 0.567477
166.2 0.545719
166.3 0.52853
166.4 0.51608
166.5 0.508492
166.6 0.50584
166.7 0.508152
166.8 0.515403
166.9 0.527524
167 0.544393
167.1 0.565844
167.2 0.591664
167.3 0.6216
167.4 0.655356
167.5 0.692598
167.6 0.732959
167.7 0.776042
167.8 0.821424
167.9 0.868657
168 0.917277
168.1 0.966809
168.2 1.01677
168.3 1.06666
168.4 1.116
168.5 1.1643
168.6 1.2111
168.7 1.25594
168.8 1.29838
168.9 1.338
169 1.37443
169.1 1.4073
169.2 1.4363
169.3 1.46115
169.4 1.4816
169.5 1.49746
169.6 1.50858
169.7 1.51484
169.8 1.51618
169.9 1.5126
170 1.50412
170.1 1.49084
170.2 1.47287
170.3 1.45039
170.4 1.42362
170.5 1.39282
170.6 1.3583
170.7 1.32037
170.8 1.27942
170.9 1.23584
171 1.19005
171.1 1.14251
171.2 1.09368
171.3 1.04403
171.4 0.994045
171.5 0.944221
171.6 0.895044
171.7 0.846995
171.8 0.800547
171.9 0.756156
172 0.714258
172.1 0.675267
172.2 0.639565
172.3 0.607506
172.4 0.579406
172.5 0.555541
172.6 0.536149
172.7 0.52142
172.8 0.511499
172.9 0.506486
173 0.50643
173.1 0.511331
173.2 0.521141
173.3 0.535762
173.4 0.555051
173.5 0.578816
173.6 0.606823
173.7 0.638796
173.8 0.674418
173.9 0.713339
174 0.755175
174.1 0.799515
174.2 0.845921
174.3 0.893939
174.4 0.943096
174.5 0.992911
174.6 1.04289
174.7 1.09256
174.8 1.14142
174.9 1.18899
175 1.23482
175.1 1.27846
175.2 1.31947
175.3 1.35747
175.4 1.39208
175.5 1.42297
175.6 1.44983
175.7 1.47241
175.8 1.49048
175.9 1.50388
176 1.51246
176.1 1.51616
176.2 1.51492
176.3 1.50877
176.4 1.49777
176.5 1.48201
176.6 1.46166
176.7 1.43691
176.8 1.408
176.9 1.37521
177 1.33886
177.1 1.29931
177.2 1.25693
177.3 1.21214
177.4 1.16538
177.5 1.11711
177.6 1.06779
177.7 1.0179
177.8 0.96794
177.9 0.918394
178 0.869747
178.1 0.822477
178.2 0.777049
178.3 0.733908
178.4 0.693481
178.5 0.656164
178.6 0.622325
178.7 0.592299
178.8 0.566382
178.9 0.544829
179 0.527854
179.1 0.515625
179.2 0.508262
179.3 0.505837
179.4 0.508376
179.5 0.515853
179.6 0.528194
179.7 0.545278
179.8 0.566934
179.9 0.592949
180 0.623067
180.1 0.65699
180.2 0.694383
180.3 0.734878
180.4 0.778077
180.5 0.823553
180.6 0.87086
180.7 0.919533
180.8 0.969094
180.9 1.01906
181 1.06894
181.1 1.11824
181.2 1.16649
181.3 1.21321
181.4 1.25794
181.5 1.30026
181.6 1.33974
181.7 1.37601
181.8 1.40872
181.9 1.43753
182 1.46218
182.1 1.48243
182.2 1.49808
182.3 1.50897
182.4 1.51501
182.5 1.51613
182.6 1.51232
182.7 1.50362
182.8 1.49011
182.9 1.47193
183 1.44925
183.1 1.4223
183.2 1.39132
183.3 1.35663
183.4 1.31856
183.5 1.27747
183.6 1.23378
183.7 1.18791
183.8 1.1403
183.9 1.09142
184 1.04174
184.1 0.991753
184.2 0.941948
184.3 0.892812
184.4 0.844826
184.5 0.798463
184.6 0.754177
184.7 0.712403
184.8 0.673555
184.9 0.638013
185 0.606129
185.1 0.578217
185.2 0.554553
185.3 0.53537
185.4 0.520859
185.5 0.511162
185.6 0.506375
185.7 0.506546
185.8 0.511674
185.9 0.521707
186 0.536546
186.1 0.556044
186.2 0.58001
186.3 0.608205
186.4 0.640352
186.5 0.676134
186.6 0.715197
186.7 0.757157
186.8 0.801601
186.9 0.848092
187 0.896172
187.1 0.94537
187.2 0.995203
187.3 1.04518
187.4 1.09482
187.5 1.14363
187.6 1.19114
187.7 1.23687
187.8 1.2804
187.9 1.32128
188 1.35913
188.1 1.39358
188.2 1.42429
188.3 1.45096
188.4 1.47334
188.5 1.4912
188.6 1.50438
188.7 1.51274
188.8 1.51621
188.9 1.51475
189 1.50837
189.1 1.49715
189.2 1.48118
189.3 1.46062
189.4 1.43567
189.5 1.40658
189.6 1.37362
189.7 1.33712
189.8 1.29742
189.9 1.25493
190 1.21004
190.1 1.1632
190.2 1.11487
190.3 1.06551
190.4 1.01561
190.5 0.965655
190.6 0.916139
190.7 0.867545
190.8 0.82035
190.9 0.775017
191 0.731992
191.1 0.691698
191.2 0.654533
191.3 0.620863
191.4 0.591019
191.5 0.565296
191.6 0.543949
191.7 0.527189
191.8 0.51518
191.9 0.508042
192 0.505845
192.1 0.508612
192.2 0.516314
192.3 0.528875
192.4 0.546172
192.5 0.568033
192.6 0.594243
192.7 0.624542
192.8 0.658632
192.9 0.696175
193 0.736803
193.1 0.780116
193.2 0.825686
193.3 0.873065
193.4 0.92179
193.5 0.971381
193.6 1.02135
193.7 1.07121
193.8 1.12048
193.9 1.16867
194 1.2153
194.1 1.25994
194.2 1.30213
194.3 1.34148
194.4 1.37759
194.5 1.41012
194.6 1.43876
194.7 1.46321
194.8 1.48325
194.9 1.49868
195 1.50936
195.1 1.51517
195.2 1.51606
195.3 1.51203
195.4 1.5031
195.5 1.48938
195.6 1.47099
195.7 1.44811
195.8 1.42096
195.9 1.38981
196 1.35495
196.1 1.31673
196.2 1.27552
196.3 1.23172
196.4 1.18576
196.5 1.13808
196.6 1.08915
196.7 1.03945
196.8 0.989461
196.9 0.939676
197 0.890583
197.1 0.842661
197.2 0.796383
197.3 0.752203
197.4 0.710555
197.5 0.671849
197.6 0.636468
197.7 0.604759
197.8 0.577037
197.9 0.553573
198 0.534601
198.1 0.520308
198.2 0.510834
198.3 0.506274
198.4 0.506673
198.5 0.512027
198.6 0.522283
198.7 0.537339
198.8 0.557047
198.9 0.581212
199 0.609595
199.1 0.641916
199.2 0.677856
199.3 0.717061
199.4 0.759144
199.5 0.803692
199.6 0.850265
199.7 0.898407
199.8 0.947645
199.9 0.997495
200 1.04747
200.1 1.09708
200.2 1.14584
200.3 1.19328
200.4 1.23892
200.5 1.28233
200.6 1.32309
200.7 1.36079
200.8 1.39507
200.9 1.4256
201 1.45208
201.1 1.47425
201.2 1.49191
201.3 1.50486
201.4 1.51301
201.5 1.51625
201.6 1.51456
201.7 1.50797
201.8 1.49652
201.9 1.48034
202 1.45957
202.1 1.43443
202.2 1.40515
202.3 1.37202
202.4 1.33536
202.5 1.29553
202.6 1.25292
202.7 1.20793
202.8 1.16101
202.9 1.11262
203 1.06323
203.1 1.01331
203.2 0.963371
203.3 0.913887
203.4 0.865347
203.5 0.818227
203.6 0.77299
203.7 0.730081
203.8 0.689923
203.9 0.65291
204 0.619408
204.1 0.589747
204.2 0.56422
204.3 0.543079
204.4 0.526533
204.5 0.514745
204.6 0.507833
204.7 0.505864
204.8 0.508857
204.9 0.516784
205 0.529566
205.1 0.547076
205.2 0.569142
205.3 0.595545
205.4 0.626025
205.5 0.66028
205.6 0.697974
205.7 0.738734
205.8 0.782159
205.9 0.827822
206 0.875274
206.1 0.924049
206.2 0.973668
206.3 1.02364
206.4 1.07349
206.5 1.12272
206.6 1.17084
206.7 1.2174
206.8 1.26193
206.9 1.304
207 1.34321
207.1 1.37917
207.2 1.41153
207.3 1.43997
207.4 1.46423
207.5 1.48406
207.6 1.49928
207.7 1.50973
207.8 1.51532
207.9 1.51598
208 1.51172
208.1 1.50258
208.2 1.48864
208.3 1.47004
208.4 1.44696
208.5 1.41962
208.6 1.38829
208.7 1.35327
208.8 1.31491
208.9 1.27357
209 1.22966
209.1 1.18361
209.2 1.13586
209.3 1.08689
209.4 1.03716
209.5 0.98717
209.6 0.937406
209.7 0.888356
209.8 0.840499
209.9 0.794308
210 0.750234
210.1 0.708712
210.2 0.670151
210.3 0.634931
210.4 0.603399
210.5 0.575865
210.6 0.552603
210.7 0.533842
210.8 0.519767
210.9 0.510517
211 0.506184
211.1 0.506811
211.2 0.512391
211.3 0.522869
211.4 0.538143
211.5 0.55806
211.6 0.582423
211.7 0.610993
211.8 0.643488
211.9 0.679585
212 0.718931
212.1 0.761136
212.2 0.805787
212.3 0.852442
212.4 0.900645
212.5 0.949921
212.6 0.999788
212.7 1.04976
212.8 1.09934
212.9 1.14805
213 1.19541
213.1 1.24097
213.2 1.28426
213.3 1.32489
213.4 1.36244
213.5 1.39656
213.6 1.42691
213.7 1.45319
213.8 1.47516
213.9 1.4926
214 1.50534
214.1 1.51326
214.2 1.51628
214.3 1.51437
214.4 1.50755
214.5 1.49588
214.6 1.47948
214.7 1.45851
214.8 1.43318
214.9 1.40371
215 1.37042
215.1 1.3336
215.2 1.29364
215.3 1.2509
215.4 1.20582
215.5 1.15882
215.6 1.11037
215.7 1.06095
215.8 1.01102
215.9 0.961088
216 0.911637
216.1 0.863151
216.2 0.816107
216.3 0.770968
216.4 0.728176
216.5 0.688153
216.6 0.651294
216.7 0.617961
216.8 0.588484
216.9 0.563153
217 0.542218
217.1 0.525887
217.2 0.514321
217.3 0.507634
217.4 0.505892
217.5 0.509113
217.6 0.517265
217.7 0.530267
217.8 0.54799
217.9 0.57026
218 0.596856
218.1 0.627516
218.2 0.661936
218.3 0.699779
218.4 0.74067
218.5 0.784208
218.6 0.829963
218.7 0.877486
218.8 0.926309
218.9 0.975955
219 1.02594
219.1 1.07576
219.2 1.12495
219.3 1.17301
219.4 1.21949
219.5 1.26392
219.6 1.30587
219.7 1.34493
219.8 1.38073
219.9 1.41292
220 1.44118
220.1 1.46524
220.2 1.48486
220.3 1.49986
220.4 1.51009
220.5 1.51545
220.6 1.51589
220.7 1.51141
220.8 1.50204
220.9 1.48789
221 1.46908
221.1 1.44579
221.2 1.41827
221.3 1.38676
221.4 1.35158
221.5 1.31307
221.6 1.27161
221.7 1.22759
221.8 1.18145
221.9 1.13364
222 1.08462
222.1 1.03487
222.2 0.984879
222.3 0.935137
222.4 0.886131
222.5 0.838341
222.6 0.792237
222.7 0.748271
222.8 0.706876
222.9 0.66846
223 0.633402
223.1 0.602046
223.2 0.574703
223.3 0.551643
223.4 0.533093
223.5 0.519236
223.6 0.51021
223.7 0.506104
223.8 0.506958
223.9 0.512765
224 0.523466
224.1 0.538956
224.2 0.559081
224.3 0.583643
224.4 0.6124
224.5 0.645067
224.6 0.681322
224.7 0.720807
224.8 0.763134
224.9 0.807886
225 0.854623
225.1 0.902885
225.2 0.952199
225.3 1.00208
225.4 1.05204
225.5 1.1016
225.6 1.15025
225.7 1.19754
225.8 1.243
225.9 1.28619
226 1.32668
226.1 1.36408
226.2 1.39803
226.3 1.4282
226.4 1.4543
226.5 1.47606
226.6 1.49329
226.7 1.50581
226.8 1.51351
226.9 1.5163
227 1.51416
227.1 1.50712
227.2 1.49523
227.3 1.47862
227.4 1.45745
227.5 1.43191
227.6 1.40227
227.7 1.3688
227.8 1.33184
227.9 1.29173
228 1.24888
228.1 1.2037
228.2 1.15663
228.3 1.10812
228.4 1.05866
228.5 1.00873
228.6 0.958806
228.7 0.909388
228.8 0.860959
228.9 0.813992
229 0.768951
229.1 0.726277
229.2 0.686391
229.3 0.649685
229.4 0.616522
229.5 0.587229
229.6 0.562095
229.7 0.541367
229.8 0.525251
229.9 0.513907
230 0.507445
230.1 0.505931
230.2 0.509379
230.3 0.517756
230.4 0.530977
230.5 0.548913
230.6 0.571386
230.7 0.598175
230.8 0.629014
230.9 0.6636
231 0.701591
231.1 0.742612
231.2 0.786261
231.3 0.832107
231.4 0.8797
231.5 0.928572
231.6 0.978244
231.7 1.02823
231.8 1.07804
231.9 1.12718
232 1.17518
232.1 1.22157
232.2 1.2659
232.3 1.30773
232.4 1.34665
232.5 1.38229
232.6 1.4143
232.7 1.44237
232.8 1.46624
232.9 1.48565
233 1.50044
233.1 1.51045
233.2 1.51558
233.3 1.5158
233.4 1.51109
233.5 1.5015
233.6 1.48712
233.7 1.4681
233.8 1.44462
233.9 1.41691
234 1.38522
234.1 1.34989
234.2 1.31123
234.3 1.26964
234.4 1.22552
234.5 1.17929
234.6 1.13141
234.7 1.08235
234.8 1.03258
234.9 0.982589
235 0.93287
235.1 0.883909
235.2 0.836186
235.3 0.79017
235.4 0.746313
235.5 0.705046
235.6 0.666776
235.7 0.63188
235.8 0.600702
235.9 0.57355
236 0.550692
236.1 0.532353
236.2 0.518715
236.3 0.509914
236.4 0.506034
236.5 0.507117
236.6 0.513149
236.7 0.524072
236.8 0.539779
236.9 0.560112
237 0.584872
237.1 0.613815
237.2 0.646653
237.3 0.683065
237.4 0.722689
237.5 0.765136
237.6 0.809989
237.7 0.856806
237.8 0.905127
237.9 0.954478
238 1.00437
238.1 1.05433
238.2 1.10385
238.3 1.15246
238.4 1.19967
238.5 1.24504
238.6 1.28811
238.7 1.32847
238.8 1.36572
238.9 1.3995
239 1.42949
239.1 1.45539
239.2 1.47696
239.3 1.49397
239.4 1.50627
239.5 1.51374
239.6 1.51631
239.7 1.51395
239.8 1.50668
239.9 1.49457
240 1.47775
240.1 1.45637
240.2 1.43064
240.3 1.40082
240.4 1.36718
240.5 1.33006
240.6 1.28983
240.7 1.24686
240.8 1.20158
240.9 1.15443
241 1.10587
241.1 1.05638
241.2 1.00643
241.3 0.956525
241.4 0.907142
241.5 0.858769
241.6 0.811881
241.7 0.766939
241.8 0.724384
241.9 0.684635
242 0.648084
242.1 0.615092
242.2 0.585983
242.3 0.561046
242.4 0.540526
242.5 0.524626
242.6 0.513503
242.7 0.507267
242.8 0.505981
242.9 0.509656
243 0.518257
243.1 0.531698
243.2 0.549846
243.3 0.572522
243.4 0.599503
243.5 0.630521
243.6 0.66527
243.7 0.703409
243.8 0.74456
243.9 0.788319
244 0.834255
244.1 0.881917
244.2 0.930836
244.3 0.980533
244.4 1.03052
244.5 1.08031
244.6 1.12941
244.7 1.17735
244.8 1.22365
244.9 1.26787
245 1.30958
245.1 1.34836
245.2 1.38384
245.3 1.41568
245.4 1.44356
245.5 1.46722
245.6 1.48643
245.7 1.501
245.8 1.51079
245.9 1.5157
246 1.51569
246.1 1.51075
246.2 1.50094
246.3 1.48635
246.4 1.46712
246.5 1.44344
246.6 1.41554
246.7 1.38368
246.8 1.34818
246.9 1.30939
247 1.26767
247.1 1.22344
247.2 1.17713
247.3 1.12919
247.4 1.08008
247.5 1.03029
247.6 0.980299
247.7 0.930605
247.8 0.88169
247.9 0.834035
248 0.788108
248.1 0.74436
248.2 0.703222
248.3 0.665099
248.4 0.630366
248.5 0.599367
248.6 0.572406
248.7 0.54975
248.8 0.531624
248.9 0.518205
249 0.509627
249.1 0.505975
249.2 0.507285
249.3 0.513544
249.4 0.524689
249.5 0.540611
249.6 0.561153
249.7 0.58611
249.8 0.615238
249.9 0.648248
250 0.684814
250.1 0.724577
250.2 0.767144
250.3 0.812097
250.4 0.858993
250.5 0.907371
250.6 0.956758
250.7 1.00667
250.8 1.05661
250.9 1.1061
251 1.15466
251.1 1.2018
251.2 1.24707
251.3 1.29002
251.4 1.33025
251.5 1.36735
251.6 1.40096
251.7 1.43077
251.8 1.45648
251.9 1.47784
252 1.49464
252.1 1.50672
252.2 1.51397
252.3 1.51631
252.4 1.51372
252.5 1.50623
252.6 1.4939
252.7 1.47687
252.8 1.45528
252.9 1.42936
253 1.39935
253.1 1.36555
253.2 1.32828
253.3 1.28791
253.4 1.24483
253.5 1.19946
253.6 1.15223
253.7 1.10362
253.8 1.0541
253.9 1.00414
254 0.954245
254.1 0.904898
254.2 0.856583
254.3 0.809774
254.4 0.764931
254.5 0.722496
254.6 0.682886
254.7 0.646491
254.8 0.61367
254.9 0.584746
255 0.560006
255.1 0.539694
255.2 0.52401
255.3 0.513109
255.4 0.5071
255.5 0.506041
255.6 0.509943
255.7 0.518768
255.8 0.532428
255.9 0.550788
256 0.573667
256.1 0.600839
256.2 0.632035
256.3 0.666948
256.4 0.705233
256.5 0.746513
256.6 0.790381
256.7 0.836406
256.8 0.884136
256.9 0.933102
257 0.982823
257.1 1.03281
257.2 1.08258
257.3 1.13164
257.4 1.17951
257.5 1.22573
257.6 1.26984
257.7 1.31142
257.8 1.35006
257.9 1.38538
258 1.41705
258.1 1.44474
258.2 1.4682
258.3 1.4872
258.4 1.50155
258.5 1.51112
258.6 1.51581
258.7 1.51557
258.8 1.51041
258.9 1.50038
259 1.48557
259.1 1.46613
259.2 1.44225
259.3 1.41416
259.4 1.38213
259.5 1.34647
259.6 1.30754
259.7 1.2657
259.8 1.22136
259.9 1.17496
260 1.12695
260.1 1.07781
260.2 1.02799
260.3 0.97801
260.4 0.928341
260.5 0.879473
260.6 0.831888
260.7 0.786051
260.8 0.742414
260.9 0.701405
261 0.663429
261.1 0.628861
261.2 0.59804
261.3 0.571271
261.4 0.548818
261.5 0.530904
261.6 0.517705
261.7 0.509352
261.8 0.505927
261.9 0.507464
262 0.513948
262.1 0.525316
262.2 0.541453
262.3 0.562202
262.4 0.587357
262.5 0.616669
262.6 0.649849
262.7 0.686571
262.8 0.726471
262.9 0.769157
263 0.814208
263.1 0.861182
263.2 0.909618
263.3 0.959039
263.4 1.00896
263.5 1.0589
263.6 1.10835
263.7 1.15685
263.8 1.20392
263.9 1.24909
264 1.29193
264.1 1.33202
264.2 1.36897
264.3 1.40242
264.4 1.43204
264.5 1.45756
264.6 1.47871
264.7 1.4953
264.8 1.50716
264.9 1.51418
265 1.5163
265.1 1.51348
265.2 1.50577
265.3 1.49322
265.4 1.47597
265.5 1.45419
265.6 1.42807
265.7 1.39788
265.8 1.36392
265.9 1.3265
266 1.28599
266.1 1.2428
266.2 1.19733
266.3 1.15003
266.4 1.10137
266.5 1.05181
266.6 1.00185
266.7 0.951966
266.8 0.902656
266.9 0.854399
267 0.807671
267.1 0.762929
267.2 0.720615
267.3 0.681144
267.4 0.644905
267.5 0.612256
267.6 0.583518
267.7 0.558976
267.8 0.538872
267.9 0.523404
268 0.512726
268.1 0.506943
268.2 0.506111
268.3 0.510241
268.4 0.51929
268.5 0.533168
268.6 0.55174
268.7 0.574821
268.8 0.602184
268.9 0.633557
269 0.668633
269.1 0.707063
269.2 0.748471
269.3 0.792448
269.4 0.838561
269.5 0.886358
269.6 0.935369
269.7 0.985113
269.8 1.0351
269.9 1.08485
270 1.13387
270.1 1.18167
270.2 1.2278
270.3 1.27181
270.4 1.31326
270.5 1.35176
270.6 1.38692
270.7 1.4184
270.8 1.44591
270.9 1.46917
271 1.48796
271.1 1.5021
271.2 1.51144
271.3 1.5159
271.4 1.51544
271.5 1.51006
271.6 1.4998
271.7 1.48478
271.8 1.46513
271.9 1.44105
272 1.41278
272.1 1.38057
272.2 1.34476
272.3 1.30568
272.4 1.26371
272.5 1.21927
272.6 1.17279
272.7 1.12472
272.8 1.07553
272.9 1.0257
273 0.975722
273.1 0.926078
273.2 0.877259
273.3 0.829744
273.4 0.783998
273.5 0.740472
273.6 0.699594
273.7 0.661767
273.8 0.627363
273.9 0.596721
274 0.570145
274.1 0.547896
274.2 0.530194
274.3 0.517215
274.4 0.509086
274.5 0.505889
274.6 0.507653
274.7 0.514363
274.8 0.525952
274.9 0.542305
275 0.563261
275.1 0.588612
275.2 0.618108
275.3 0.651459
275.4 0.688334
275.5 0.72837
275.6 0.771174
275.7 0.816324
275.8 0.863375
275.9 0.911866
276 0.961321
276.1 1.01125
276.2 1.06118
276.3 1.1106
276.4 1.15905
276.5 1.20603
276.6 1.25111
276.7 1.29383
276.8 1.33378
276.9 1.37058
277 1.40386
277.1 1.4333
277.2 1.45862
277.3 1.47957
277.4 1.49595
277.5 1.50759
277.6 1.51439
277.7 1.51628
277.8 1.51324
277.9 1.5053
278 1.49253
278.1 1.47507
278.2 1.45308
278.3 1.42677
278.4 1.39641
278.5 1.36227
278.6 1.3247
278.7 1.28407
278.8 1.24076
278.9 1.19519
279 1.14782
279.1 1.09911
279.2 1.04952
279.3 0.999554
279.4 0.949689
279.5 0.900416
279.6 0.852219
279.7 0.805572
279.8 0.760932
279.9 0.718739
280 0.679408
280.1 0.643326
280.2 0.61085
280.3 0.582299
280.4 0.557955
280.5 0.53806
280.6 0.522809
280.7 0.512353
280.8 0.506796
280.9 0.506192
281 0.510549
281.1 0.519821
281.2 0.533919
281.3 0.552702
281.4 0.575984
281.5 0.603537
281.6 0.635087
281.7 0.670324
281.8 0.7089
281.9 0.750435
282 0.794519
282.1 0.84072
282.2 0.888583
282.3 0.937638
282.4 0.987404
282.5 1.03739
282.6 1.08712
282.7 1.13609
