 test of cubicSpline_evaluate : 
1.000000 1.000000 1.000000 
1.100000 1.257571 1.257571 
1.200000 1.517714 1.517714 
1.300000 1.783000 1.783000 
1.400000 2.056000 2.056000 
1.500000 2.339286 2.339286 
1.600000 2.635429 2.635429 
1.700000 2.947000 2.947000 
1.800000 3.276571 3.276571 
1.900000 3.626714 3.626714 
2.000000 4.000000 4.000000 
2.100000 4.398429 4.398429 
2.200000 4.821714 4.821714 
2.300000 5.269000 5.269000 
2.400000 5.739429 5.739429 
2.500000 6.232143 6.232143 
2.600000 6.746286 6.746286 
2.700000 7.281000 7.281000 
2.800000 7.835429 7.835429 
2.900000 8.408714 8.408714 
3.000000 9.000000 9.000000 
3.100000 9.608714 9.608714 
3.200000 10.235429 10.235429 
3.300000 10.881000 10.881000 
3.400000 11.546286 11.546286 
3.500000 12.232143 12.232143 
3.600000 12.939429 12.939429 
3.700000 13.669000 13.669000 
3.800000 14.421714 14.421714 
3.900000 15.198429 15.198429 
4.000000 16.000000 16.000000 
4.100000 16.826714 16.826714 
4.200000 17.676571 17.676571 
4.300000 18.547000 18.547000 
4.400000 19.435429 19.435429 
4.500000 20.339286 20.339286 
4.600000 21.256000 21.256000 
4.700000 22.183000 22.183000 
4.800000 23.117714 23.117714 
4.900000 24.057571 24.057571 
5.000000 25.000000 25.000000 
 test of cubicSpline_derivative : 
1.000000 2.571429 
1.100000 2.584286 
1.200000 2.622857 
1.300000 2.687143 
1.400000 2.777143 
1.500000 2.892857 
1.600000 3.034286 
1.700000 3.201429 
1.800000 3.394286 
1.900000 3.612857 
2.000000 3.857143 
2.100000 4.110000 
2.200000 4.354286 
2.300000 4.590000 
2.400000 4.817143 
2.500000 5.035714 
2.600000 5.245714 
2.700000 5.447143 
2.800000 5.640000 
2.900000 5.824286 
3.000000 6.000000 
3.100000 6.175714 
3.200000 6.360000 
3.300000 6.552857 
3.400000 6.754286 
3.500000 6.964286 
3.600000 7.182857 
3.700000 7.410000 
3.800000 7.645714 
3.900000 7.890000 
4.000000 8.142857 
4.100000 8.387143 
4.200000 8.605714 
4.300000 8.798571 
4.400000 8.965714 
4.500000 9.107143 
4.600000 9.222857 
4.700000 9.312857 
4.800000 9.377143 
4.900000 9.415714 
5.000000 9.428571 
 test of cubicSpline_integral : 
1.000000 0.000000 
1.100000 0.112900 
1.200000 0.252114 
1.300000 0.419186 
1.400000 0.616686 
1.500000 0.848214 
1.600000 1.118400 
1.700000 1.432900 
1.800000 1.798400 
1.900000 2.222614 
2.000000 2.714286 
2.100000 3.133986 
2.200000 3.594629 
2.300000 4.098271 
2.400000 4.646629 
2.500000 5.241071 
2.600000 5.882629 
2.700000 6.571986 
2.800000 7.309486 
2.900000 8.095129 
3.000000 8.928571 
3.100000 9.858871 
3.200000 10.851086 
3.300000 11.907443 
3.400000 13.030514 
3.500000 14.223214 
3.600000 15.488800 
3.700000 16.830871 
3.800000 18.253371 
3.900000 19.760586 
4.000000 21.357143 
4.100000 22.998243 
4.200000 24.722743 
4.300000 26.531671 
4.400000 28.425029 
4.500000 30.401786 
4.600000 32.459886 
4.700000 34.596243 
4.800000 36.806743 
4.900000 39.086243 
5.000000 41.428571 
