0.23 4.64 0.42
1.29 3.38 0.37
2.35 3.01 0.34
3.41 2.55 0.31
4.47 2.29 0.29
5.53 1.67 0.27
6.59 1.59 0.26
7.65 1.69 0.25
8.71 1.38 0.24
9.77 1.46 0.24


0.23 4.54266
0.33 4.44097
0.43 4.3424
0.53 4.24686
0.63 4.15426
0.73 4.0645
0.83 3.97749
0.93 3.89316
1.03 3.81142
1.13 3.73219
1.23 3.65539
1.33 3.58095
1.43 3.5088
1.53 3.43886
1.63 3.37108
1.73 3.30537
1.83 3.24168
1.93 3.17995
2.03 3.12012
2.13 3.06212
2.23 3.0059
2.33 2.95142
2.43 2.8986
2.53 2.84741
2.63 2.79779
2.73 2.74969
2.83 2.70307
2.93 2.65788
3.03 2.61408
3.13 2.57163
3.23 2.53048
3.33 2.49059
3.43 2.45193
3.53 2.41446
3.63 2.37814
3.73 2.34293
3.83 2.30881
3.93 2.27573
4.03 2.24367
4.13 2.21259
4.23 2.18247
4.33 2.15327
4.43 2.12497
4.53 2.09754
4.63 2.07096
4.73 2.04518
4.83 2.0202
4.93 1.99599
5.03 1.97252
5.13 1.94978
5.23 1.92773
5.33 1.90635
5.43 1.88564
5.53 1.86556
5.63 1.8461
5.73 1.82723
5.83 1.80895
5.93 1.79122
6.03 1.77405
6.13 1.75739
6.23 1.74125
6.33 1.72561
6.43 1.71045
6.53 1.69575
6.63 1.6815
6.73 1.66769
6.83 1.65431
6.93 1.64134
7.03 1.62876
7.13 1.61657
7.23 1.60476
7.33 1.59331
7.43 1.58221
7.53 1.57145
7.63 1.56102
7.73 1.55091
7.83 1.54111
7.93 1.53162
8.03 1.52241
8.13 1.51349
8.23 1.50484
8.33 1.49646
8.43 1.48833
8.53 1.48046
8.63 1.47282
8.73 1.46542
8.83 1.45825
8.93 1.4513
9.03 1.44456
9.13 1.43803
9.23 1.4317
9.33 1.42557
9.43 1.41962
9.53 1.41385
9.63 1.40827
9.73 1.40285
