    1	2.015	4.98	    85.629
    2	2.0375	4.97	    68.086
    3	2.0587	4.925	    48.256
    4	2.1144	4.8825	     18.21
    5	2.1847	4.7712	    1.4037
    6	2.1847	4.7712	    1.4037
    7	2.1847	4.7712	    1.4037
    8	2.1847	4.7712	    1.4037
    9	2.1847	4.7712	    1.4037
   10	2.1847	4.7712	    1.4037
   11	2.1847	4.7712	    1.4037
   12	2.1847	4.7712	    1.4037
   13	2.1847	4.7712	    1.4037
   14	2.1847	4.7712	    1.4037
   15	2.1847	4.7712	    1.4037
   16	2.1827	4.7598	    1.4005
   17	2.1827	4.7598	    1.4005
   18	2.1795	4.751	    1.3912
   19	2.1795	4.751	    1.3912
   20	2.1722	4.7193	    1.3742
   21	2.1722	4.7193	    1.3742
   22	2.1586	4.6701	    1.3533
   23	2.1507	4.6267	    1.3242
   24	2.1195	4.5065	    1.2735
   25	2.088	4.3595	    1.1838
   26	2.0099	4.0456	    1.0235
   27	1.9784	3.8987	   0.98079
   28	1.9003	3.5848	   0.87896
   29	1.9003	3.5848	   0.87896
   30	1.8555	3.4204	   0.78258
   31	1.8555	3.4204	   0.78258
   32	1.8721	3.5082	   0.76171
   33	1.7389	2.9965	    0.6207
   34	1.7055	2.9163	   0.50333
   35	1.7055	2.9163	   0.50333
   36	1.7055	2.9163	   0.50333
   37	1.5514	2.4022	   0.30615
   38	1.5514	2.4022	   0.30615
   39	1.5514	2.4022	   0.30615
   40	1.5514	2.4022	   0.30615
   41	1.4278	2.0288	   0.19239
   42	1.4278	2.0288	   0.19239
   43	1.4278	2.0288	   0.19239
   44	1.3551	1.8126	   0.18235
   45	1.3773	1.9008	   0.14377
   46	1.3047	1.6846	   0.12391
   47	1.3269	1.7728	   0.12139
   48	1.2543	1.5566	  0.092294
   49	1.2543	1.5566	  0.092294
   50	1.2038	1.4285	  0.084429
   51	1.2528	1.5687	  0.063963
   52	1.1764	1.3827	  0.031279
   53	1.1764	1.3827	  0.031279
   54	1.1764	1.3827	  0.031279
   55	1.1	1.1967	  0.027921
   56	1.1436	1.3132	  0.023572
   57	1.0672	1.1273	  0.018207
   58	1.0672	1.1273	  0.018207
   59	1.0344	1.0578	   0.01599
   60	1.0808	1.1682	 0.0065291
   61	1.0384	1.0845	 0.0054271
   62	1.047	1.0921	 0.0039018
   63	1.0046	1.0084	7.7049e-05
   64	1.0046	1.0084	7.7049e-05
   65	1.0046	1.0084	7.7049e-05
   66	1.0046	1.0084	7.7049e-05
   67	1.0046	1.0084	7.7049e-05
   68	0.9991	0.99862	1.8158e-05
   69	0.99611	0.99211	1.6445e-05
   70	1.0011	1.0019	9.3395e-06
   71	0.99885	0.99781	2.5744e-06
   72	0.99885	0.99781	2.5744e-06
   73	1.0007	1.0013	2.3387e-06
   74	1.0008	1.0016	9.2036e-07
   75	0.99982	0.99965	4.7179e-08
   76	0.99982	0.99965	4.7179e-08
   77	0.99982	0.99965	4.7179e-08
   78	0.99982	0.99965	4.7179e-08
   79	1.0002	1.0004	4.6389e-08
   80	1	1.0001	4.0412e-08
   81	0.99997	0.99993	 1.463e-09
   82	0.99997	0.99993	 1.463e-09
   83	0.99997	0.99993	 1.463e-09
   84	0.99997	0.99993	 1.463e-09
   85	0.99997	0.99993	 1.463e-09
   86	0.99997	0.99995	1.1877e-09
   87	1	1	4.4846e-10


    1	2.01	7.01	0.01	    1179.7
    2	2.02	6.99	0.02	      1157
    3	2.01	7	0.04	    1132.8
    4	2.04	7	0.05	    1090.5
    5	2.05	6.97	0.09	    1024.8
    6	2.06	6.99	0.14	    941.94
    7	2.13	6.96	0.2	     811.1
    8	2.16	6.92	0.33	     643.5
    9	2.25	6.93	0.49	    447.82
   10	2.42	6.83	0.74	     260.9
   11	2.4233	6.8267	0.84	    241.07
   12	2.4233	6.8267	0.84	    241.07
   13	2.4233	6.8267	0.84	    241.07
   14	2.4722	6.8144	0.86333	    230.66
   15	2.4722	6.8144	0.86333	    230.66
   16	2.4722	6.8144	0.86333	    230.66
   17	2.4722	6.8144	0.86333	    230.66
   18	2.5109	6.8014	0.95192	    228.61
   19	2.503	6.8089	0.93847	    228.21
   20	2.553	6.794	0.9698	       228
   21	2.4973	6.8079	0.90836	    226.91
   22	2.5314	6.8081	0.9128	    223.49
   23	2.5756	6.7922	0.91403	    219.05
   24	2.5756	6.7922	0.91403	    219.05
   25	2.629	6.7959	0.86376	    210.36
   26	2.629	6.7959	0.86376	    210.36
   27	2.7825	6.7579	0.89225	    202.94
   28	2.9011	6.7554	0.86802	    195.73
   29	3.031	6.7372	0.7439	    167.94
   30	3.031	6.7372	0.7439	    167.94
   31	3.5479	6.6811	0.63311	    144.33
   32	3.9575	6.6119	0.44665	    108.91
   33	4.1749	6.6215	0.21229	    70.545
   34	4.1749	6.6215	0.21229	    70.545
   35	5.7924	6.4103	-0.4898	    46.367
   36	5.7924	6.4103	-0.4898	    46.367
   37	5.7924	6.4103	-0.4898	    46.367
   38	4.9949	6.5248	-0.17961	    40.234
   39	4.9949	6.5248	-0.17961	    40.234
   40	4.9949	6.5248	-0.17961	    40.234
   41	4.9949	6.5248	-0.17961	    40.234
   42	5.0199	6.5064	-0.21025	    39.695
   43	5.163	6.5052	-0.29965	    39.608
   44	5.2775	6.4814	-0.29163	    38.534
   45	5.2775	6.4814	-0.29163	    38.534
   46	5.2775	6.4814	-0.29163	    38.534
   47	5.3204	6.4602	-0.30647	    38.489
   48	5.2783	6.4749	-0.32086	    38.448
   49	5.2137	6.4841	-0.28456	    38.325
   50	5.2137	6.4841	-0.28456	    38.325
   51	5.2862	6.4674	-0.30685	    38.253
   52	5.2862	6.4674	-0.30685	    38.253
   53	5.2862	6.4674	-0.30685	    38.253
   54	5.2862	6.4674	-0.30685	    38.253
   55	5.2862	6.4674	-0.30685	    38.253
   56	5.2862	6.4674	-0.30685	    38.253
   57	5.2572	6.4604	-0.29299	    38.134
   58	5.2572	6.4604	-0.29299	    38.134
   59	5.2572	6.4604	-0.29299	    38.134
   60	5.2777	6.432	-0.28637	    38.011
   61	5.2777	6.432	-0.28637	    38.011
   62	5.2007	6.4294	-0.25597	    37.872
   63	5.2179	6.387	-0.2482	    37.552
   64	5.2179	6.387	-0.2482	    37.552
   65	5.2179	6.387	-0.2482	    37.552
   66	5.1683	6.2835	-0.17799	    37.265
   67	5.1072	6.2683	-0.16233	    36.786
   68	5.2104	6.1998	-0.17543	    36.498
   69	5.0501	5.9776	-0.019358	    36.257
   70	5.0312	5.8787	-0.0011366	    34.182
   71	5.0312	5.8787	-0.0011366	    34.182
   72	5.0312	5.8787	-0.0011366	    34.182
   73	4.9203	5.2431	0.2522	    29.767
   74	4.9203	5.2431	0.2522	    29.767
   75	4.9626	5.3666	0.14285	    28.183
   76	4.6354	4.198	0.65493	    17.916
   77	4.6354	4.198	0.65493	    17.916
   78	4.721	4.1507	0.57457	    16.873
   79	4.5176	3.2166	0.97174	    11.898
   80	4.5176	3.2166	0.97174	    11.898
   81	4.5176	3.2166	0.97174	    11.898
   82	4.5176	3.2166	0.97174	    11.898
   83	4.5176	3.2166	0.97174	    11.898
   84	4.5176	3.2166	0.97174	    11.898
   85	4.5831	3.1634	0.96605	    10.903
   86	4.5831	3.1634	0.96605	    10.903
   87	4.5391	3.2471	0.97342	    10.729
   88	4.7038	3.5208	0.82651	    9.6187
   89	4.6005	3.0774	1.0135	     9.349
   90	4.6459	3.4002	0.90955	    9.1508
   91	4.8721	3.5042	0.8027	     7.944
   92	4.7109	2.94	1.0727	    6.5301
   93	4.7109	2.94	1.0727	    6.5301
   94	5.1765	3.1294	0.89947	    5.5759
   95	4.9543	2.8968	1.0068	      4.57
   96	4.9543	2.8968	1.0068	      4.57
   97	5.2212	2.7797	1.0084	    4.2141
   98	5.0699	2.7043	1.0774	    3.6186
   99	5.0699	2.7043	1.0774	    3.6186
  100	5.0699	2.7043	1.0774	    3.6186
  101	4.9896	2.8807	1.0479	    3.4247
  102	4.9896	2.8807	1.0479	    3.4247
  103	5.1373	2.7533	1.0541	      3.17
  104	5.1373	2.7533	1.0541	      3.17
  105	5.0638	2.7101	1.0968	    3.1327
  106	5.1351	2.6876	1.0912	    3.0367
  107	5.0854	2.7548	1.08	    3.0082
  108	5.0854	2.7548	1.08	    3.0082
  109	5.0854	2.7548	1.08	    3.0082
  110	5.1379	2.7207	1.0858	    2.9738
  111	5.1379	2.7207	1.0858	    2.9738
  112	5.1379	2.7207	1.0858	    2.9738
  113	5.1379	2.7207	1.0858	    2.9738
  114	5.1304	2.7226	1.0822	    2.9732
  115	5.1329	2.7316	1.0786	    2.9728
  116	5.1223	2.732	1.0814	    2.9708
  117	5.1332	2.7247	1.0833	      2.97
  118	5.1332	2.7247	1.0833	      2.97
  119	5.1332	2.7247	1.0833	      2.97
  120	5.1283	2.7264	1.0825	    2.9698
  121	5.1283	2.7264	1.0825	    2.9698
  122	5.1281	2.7233	1.0848	    2.9697
  123	5.1323	2.7213	1.0849	    2.9696
  124	5.1314	2.7242	1.0837	    2.9696
  125	5.1294	2.7247	1.0835	    2.9695
  126	5.1294	2.7247	1.0835	    2.9695
  127	5.1294	2.7247	1.0835	    2.9695
  128	5.1304	2.7243	1.0837	    2.9695


t	y_exp	error
0.47	5.49	0.26
1.41	4.08	0.12
2.36	3.54	0.27
3.3	2.61	0.1
4.24	2.09	0.15
5.18	1.91	0.11
6.13	1.55	0.13
7.07	1.47	0.07
8.01	1.45	0.15
8.95	1.25	0.09


t	y_fit
0	6.2141
0.1	6.02919
0.2	5.85096
0.3	5.67914
0.4	5.51352
0.5	5.35387
0.6	5.19997
0.7	5.05162
0.8	4.90861
0.9	4.77076
1	4.63788
1.1	4.50978
1.2	4.3863
1.3	4.26728
1.4	4.15254
1.5	4.04194
1.6	3.93532
1.7	3.83255
1.8	3.73348
1.9	3.63798
2	3.54592
2.1	3.45718
2.2	3.37164
2.3	3.28918
2.4	3.2097
2.5	3.13308
2.6	3.05922
2.7	2.98802
2.8	2.91939
2.9	2.85323
3	2.78945
3.1	2.72798
3.2	2.66872
3.3	2.61159
3.4	2.55653
3.5	2.50345
3.6	2.45228
3.7	2.40296
3.8	2.35541
3.9	2.30958
4	2.2654
4.1	2.22281
4.2	2.18176
4.3	2.14218
4.4	2.10404
4.5	2.06726
4.6	2.03182
4.7	1.99765
4.8	1.96471
4.9	1.93296
5	1.90235
5.1	1.87285
5.2	1.8444
5.3	1.81699
5.4	1.79056
5.5	1.76509
5.6	1.74053
5.7	1.71686
5.8	1.69404
5.9	1.67204
6	1.65084
6.1	1.6304
6.2	1.6107
6.3	1.59171
6.4	1.5734
6.5	1.55575
6.6	1.53874
6.7	1.52234
6.8	1.50653
6.9	1.49129
7	1.4766
7.1	1.46244
7.2	1.4488
7.3	1.43564
7.4	1.42295
7.5	1.41073
7.6	1.39894
7.7	1.38758
7.8	1.37663
7.9	1.36607
8	1.3559
8.1	1.34609
8.2	1.33663
8.3	1.32752
8.4	1.31873
8.5	1.31026
8.6	1.3021
8.7	1.29423
8.8	1.28664
8.9	1.27933
9	1.27228
9.1	1.26548
9.2	1.25893
9.3	1.25262
9.4	1.24653
9.5	1.24066
9.6	1.23501
9.7	1.22955
9.8	1.2243
9.9	1.21923
10	1.21435
