0.1 -15.3 1.04
1.33 0.32 0.594
2.55 2.45 0.983
3.78 2.75 0.998
5 2.27 1.11
6.22 1.35 0.398
7.45 0.157 0.535
8.68 -1.23 0.968
9.9 -2.75 0.478


0.0455556 -20.6934 -21.9958 -19.391
0.154444 -12.3759 -13.1635 -11.5883
0.263333 -8.86314 -9.42574 -8.30053
0.372222 -6.66126 -7.07795 -6.24457
0.481111 -5.08479 -5.39329 -4.7763
0.59 -3.87591 -4.09838 -3.65344
0.698889 -2.9093 -3.06036 -2.75824
0.807778 -2.11447 -2.20448 -2.02446
0.916667 -1.44784 -1.48453 -1.41115
1.02556 -0.880553 -0.869913 -0.891192
1.13444 -0.392521 -0.339335 -0.445708
1.24333 0.0308062 0.122637 -0.0610251
1.35222 0.400309 0.527538 0.27308
1.46111 0.724334 0.884218 0.56445
1.57 1.00943 1.19962 0.819234
1.67889 1.26081 1.47927 1.04234
1.78778 1.48272 1.72768 1.23776
1.89667 1.67866 1.94855 1.40877
2.00556 1.85151 2.14494 1.55808
2.11444 2.00373 2.31945 1.68801
2.22333 2.13738 2.47427 1.80049
2.33222 2.25424 2.6113 1.89719
2.44111 2.35585 2.73215 1.97956
2.55 2.44354 2.83823 2.04885
2.65889 2.51847 2.93079 2.10614
2.76778 2.58166 3.01091 2.15241
2.87667 2.63402 3.07954 2.18851
2.98556 2.67637 3.13755 2.21518
3.09444 2.7094 3.18569 2.23312
3.20333 2.73378 3.22465 2.24291
3.31222 2.75007 3.25503 2.24511
3.42111 2.7588 3.2774 2.2402
3.53 2.76045 3.29226 2.22864
3.63889 2.75544 3.30007 2.21082
3.74778 2.74417 3.30123 2.18712
3.85667 2.727 3.29613 2.15787
3.96556 2.70425 3.28512 2.12338
4.07444 2.67623 3.26852 2.08394
4.18333 2.64322 3.24663 2.03981
4.29222 2.60546 3.21971 1.99122
4.40111 2.56321 3.18802 1.9384
4.51 2.51668 3.15179 1.88156
4.61889 2.46607 3.11124 1.82089
4.72778 2.41157 3.06657 1.75657
4.83667 2.35336 3.01796 1.68876
4.94556 2.29161 2.9656 1.61763
5.05444 2.22647 2.90964 1.5433
5.16333 2.15809 2.85024 1.46593
5.27222 2.08659 2.78755 1.38564
5.38111 2.01212 2.72169 1.30254
5.49 1.93478 2.6528 1.21675
5.59889 1.85468 2.58099 1.12838
5.70778 1.77195 2.50637 1.03753
5.81667 1.68667 2.42906 0.944277
5.92556 1.59894 2.34915 0.848726
6.03444 1.50885 2.26674 0.750957
6.14333 1.41648 2.18191 0.651048
6.25222 1.32191 2.09475 0.549076
6.36111 1.22523 2.00535 0.44511
6.47 1.12649 1.91377 0.33922
6.57889 1.02578 1.82009 0.231468
6.68778 0.923149 1.72438 0.121917
6.79667 0.818666 1.62671 0.0106236
6.90556 0.712388 1.52713 -0.102356
7.01444 0.604372 1.42571 -0.216968
7.12333 0.494671 1.32251 -0.333164
7.23222 0.383337 1.21757 -0.450896
7.34111 0.270417 1.11095 -0.570116
7.45 0.155959 1.0027 -0.690782
7.55889 0.0400081 0.892867 -0.812851
7.66778 -0.077394 0.781496 -0.936284
7.77667 -0.196206 0.668629 -1.06104
7.88556 -0.316389 0.55431 -1.18709
7.99444 -0.437904 0.438576 -1.31439
8.10333 -0.560717 0.321468 -1.4429
8.21222 -0.684792 0.20302 -1.57261
8.32111 -0.810097 0.0832701 -1.70346
8.43 -0.936598 -0.0377497 -1.83545
8.53889 -1.06427 -0.160006 -1.96853
8.64778 -1.19307 -0.283468 -2.10267
8.75667 -1.32298 -0.408106 -2.23786
8.86556 -1.45398 -0.533889 -2.37407
8.97444 -1.58603 -0.660791 -2.51126
9.08333 -1.71911 -0.788784 -2.64943
9.19222 -1.85319 -0.917843 -2.78853
9.30111 -1.98825 -1.04794 -2.92856
9.41 -2.12427 -1.17906 -3.06949
9.51889 -2.26123 -1.31116 -3.2113
9.62778 -2.39911 -1.44424 -3.35397
9.73667 -2.53787 -1.57827 -3.49748
9.84556 -2.67751 -1.71322 -3.64181
9.95444 -2.81801 -1.84908 -3.78695


0.0455556 -20.6934 -20.1952 -21.1916
0.154444 -12.3759 -11.8777 -12.874
0.263333 -8.86314 -8.36496 -9.36131
0.372222 -6.66126 -6.16308 -7.15944
0.481111 -5.08479 -4.58662 -5.58297
0.59 -3.87591 -3.37774 -4.37409
0.698889 -2.9093 -2.41112 -3.40747
0.807778 -2.11447 -1.61629 -2.61265
0.916667 -1.44784 -0.949662 -1.94602
1.02556 -0.880553 -0.382376 -1.37873
1.13444 -0.392521 0.105655 -0.890698
1.24333 0.0308062 0.528983 -0.46737
1.35222 0.400309 0.898486 -0.0978672
1.46111 0.724334 1.22251 0.226158
1.57 1.00943 1.5076 0.511249
1.67889 1.26081 1.75898 0.762632
1.78778 1.48272 1.9809 0.984547
1.89667 1.67866 2.17683 1.18048
2.00556 1.85151 2.34969 1.35333
2.11444 2.00373 2.5019 1.50555
2.22333 2.13738 2.63556 1.6392
2.33222 2.25424 2.75242 1.75607
2.44111 2.35585 2.85403 1.85768
2.55 2.44354 2.94172 1.94536
2.65889 2.51847 3.01664 2.02029
2.76778 2.58166 3.07984 2.08348
2.87667 2.63402 3.1322 2.13585
2.98556 2.67637 3.17454 2.17819
3.09444 2.7094 3.20758 2.21123
3.20333 2.73378 3.23195 2.2356
3.31222 2.75007 3.24825 2.25189
3.42111 2.7588 3.25698 2.26063
3.53 2.76045 3.25863 2.26227
3.63889 2.75544 3.25362 2.25727
3.74778 2.74417 3.24235 2.246
3.85667 2.727 3.22518 2.22883
3.96556 2.70425 3.20243 2.20608
4.07444 2.67623 3.17441 2.17806
4.18333 2.64322 3.14139 2.14504
4.29222 2.60546 3.10364 2.10729
4.40111 2.56321 3.06139 2.06503
4.51 2.51668 3.01485 2.0185
4.61889 2.46607 2.96424 1.96789
4.72778 2.41157 2.90975 1.91339
4.83667 2.35336 2.85154 1.85519
4.94556 2.29161 2.78979 1.79344
5.05444 2.22647 2.72465 1.7283
5.16333 2.15809 2.65626 1.65991
5.27222 2.08659 2.58477 1.58842
5.38111 2.01212 2.51029 1.51394
5.49 1.93478 2.43295 1.4366
5.59889 1.85468 2.35286 1.35651
5.70778 1.77195 2.27012 1.27377
5.81667 1.68667 2.18484 1.18849
5.92556 1.59894 2.09711 1.10076
6.03444 1.50885 2.00702 1.01067
6.14333 1.41648 1.91465 0.918302
6.25222 1.32191 1.82009 0.823737
6.36111 1.22523 1.7234 0.727051
6.47 1.12649 1.62467 0.628317
6.57889 1.02578 1.52396 0.527603
6.68778 0.923149 1.42133 0.424973
6.79667 0.818666 1.31684 0.32049
6.90556 0.712388 1.21056 0.214212
7.01444 0.604372 1.10255 0.106196
7.12333 0.494671 0.992848 -0.00350516
7.23222 0.383337 0.881513 -0.11484
7.34111 0.270417 0.768593 -0.227759
7.45 0.155959 0.654136 -0.342217
7.55889 0.0400081 0.538185 -0.458168
7.66778 -0.077394 0.420782 -0.57557
7.77667 -0.196206 0.30197 -0.694382
7.88556 -0.316389 0.181788 -0.814565
7.99444 -0.437904 0.060272 -0.936081
8.10333 -0.560717 -0.0625408 -1.05889
8.21222 -0.684792 -0.186616 -1.18297
8.32111 -0.810097 -0.31192 -1.30827
8.43 -0.936598 -0.438422 -1.43477
8.53889 -1.06427 -0.56609 -1.56244
8.64778 -1.19307 -0.694895 -1.69125
8.75667 -1.32298 -0.824808 -1.82116
8.86556 -1.45398 -0.955802 -1.95216
8.97444 -1.58603 -1.08785 -2.0842
9.08333 -1.71911 -1.22093 -2.21728
9.19222 -1.85319 -1.35501 -2.35137
9.30111 -1.98825 -1.49008 -2.48643
9.41 -2.12427 -1.6261 -2.62245
9.51889 -2.26123 -1.76306 -2.75941
9.62778 -2.39911 -1.90093 -2.89728
9.73667 -2.53787 -2.0397 -3.03605
9.84556 -2.67751 -2.17934 -3.17569
9.95444 -2.81801 -2.31984 -3.31619


0.0455556 -20.6934 -20.6868 -20.7
0.154444 -12.3759 -12.3536 -12.3982
0.263333 -8.86314 -8.82514 -8.90113
0.372222 -6.66126 -6.60755 -6.71497
0.481111 -5.08479 -5.01537 -5.15421
0.59 -3.87591 -3.79078 -3.96105
0.698889 -2.9093 -2.80845 -3.01014
0.807778 -2.11447 -1.99791 -2.23102
0.916667 -1.44784 -1.31557 -1.58011
1.02556 -0.880553 -0.732574 -1.02853
1.13444 -0.392521 -0.228831 -0.556211
1.24333 0.0308062 0.210208 -0.148595
1.35222 0.400309 0.595422 0.205196
1.46111 0.724334 0.935159 0.513509
1.57 1.00943 1.23596 0.782889
1.67889 1.26081 1.50306 1.01856
1.78778 1.48272 1.74068 1.22476
1.89667 1.67866 1.95233 1.40498
2.00556 1.85151 2.14089 1.56213
2.11444 2.00373 2.30882 1.69863
2.22333 2.13738 2.45819 1.81657
2.33222 2.25424 2.59076 1.91773
2.44111 2.35585 2.70808 2.00362
2.55 2.44354 2.81148 2.0756
2.65889 2.51847 2.90212 2.13481
2.76778 2.58166 2.98102 2.18229
2.87667 2.63402 3.0491 2.21895
2.98556 2.67637 3.10715 2.24558
3.09444 2.7094 3.1559 2.2629
3.20333 2.73378 3.19599 2.27157
3.31222 2.75007 3.22799 2.27215
3.42111 2.7588 3.25244 2.26517
3.53 2.76045 3.2698 2.2511
3.63889 2.75544 3.2805 2.23039
3.74778 2.74417 3.28494 2.2034
3.85667 2.727 3.28348 2.17052
3.96556 2.70425 3.27645 2.13206
4.07444 2.67623 3.26414 2.08833
4.18333 2.64322 3.24683 2.0396
4.29222 2.60546 3.22479 1.98614
4.40111 2.56321 3.19825 1.92817
4.51 2.51668 3.16743 1.86592
4.61889 2.46607 3.13253 1.7996
4.72778 2.41157 3.09374 1.72939
4.83667 2.35336 3.05125 1.65548
4.94556 2.29161 3.00521 1.57801
5.05444 2.22647 2.95578 1.49716
5.16333 2.15809 2.90311 1.41307
5.27222 2.08659 2.84733 1.32586
5.38111 2.01212 2.78856 1.23567
5.49 1.93478 2.72693 1.14262
5.59889 1.85468 2.66255 1.04682
5.70778 1.77195 2.59553 0.948368
5.81667 1.68667 2.52596 0.847376
5.92556 1.59894 2.45394 0.743934
6.03444 1.50885 2.37956 0.638131
6.14333 1.41648 2.3029 0.530051
6.25222 1.32191 2.22405 0.419775
6.36111 1.22523 2.14308 0.307378
6.47 1.12649 2.06006 0.192932
6.57889 1.02578 1.97505 0.0765056
6.68778 0.923149 1.88813 -0.0418359
6.79667 0.818666 1.79936 -0.162031
6.90556 0.712388 1.7088 -0.28402
7.01444 0.604372 1.61649 -0.407748
7.12333 0.494671 1.5225 -0.533161
7.23222 0.383337 1.42688 -0.660207
7.34111 0.270417 1.32967 -0.788838
7.45 0.155959 1.23093 -0.919008
7.55889 0.0400081 1.13069 -1.05067
7.66778 -0.077394 1.029 -1.18378
7.77667 -0.196206 0.925896 -1.31831
7.88556 -0.316389 0.821425 -1.4542
7.99444 -0.437904 0.715621 -1.59143
8.10333 -0.560717 0.60852 -1.72995
8.21222 -0.684792 0.500156 -1.86974
8.32111 -0.810097 0.390564 -2.01076
8.43 -0.936598 0.279774 -2.15297
8.53889 -1.06427 0.167817 -2.29635
8.64778 -1.19307 0.0547242 -2.44087
8.75667 -1.32298 -0.0594774 -2.58649
8.86556 -1.45398 -0.17476 -2.7332
8.97444 -1.58603 -0.291097 -2.88096
9.08333 -1.71911 -0.408464 -3.02975
9.19222 -1.85319 -0.526835 -3.17954
9.30111 -1.98825 -0.646187 -3.33032
9.41 -2.12427 -0.766498 -3.48205
9.51889 -2.26123 -0.887744 -3.63472
9.62778 -2.39911 -1.00991 -3.78831
9.73667 -2.53787 -1.13296 -3.94279
9.84556 -2.67751 -1.25689 -4.09814
9.95444 -2.81801 -1.38168 -4.25435


