PART A

Startpoint	a = 0
Endpoint	b = 3.14159
Function	y(b) = -0.000118332
Differential	dy(b) = -1

PART B

Startpoint	a = 0
Endpoint	b = 3.14159
Function	y(b) = -0.000118332
Differential	dy(b) = -1


0 0 0 0 1
0.0165749 0.0165749 0.999863 0.0165741 0.999863
0.0325469 0.0325426 0.99947 0.0325412 0.99947
0.0481533 0.0481368 0.998841 0.0481347 0.998841
0.0635355 0.0634955 0.997982 0.0634928 0.997982
0.0787792 0.078701 0.996898 0.0786977 0.996899
0.0939369 0.0938027 0.995591 0.0937988 0.995591
0.109041 0.10883 0.99406 0.108825 0.994061
0.124112 0.123799 0.992307 0.123794 0.992308
0.139162 0.138719 0.990332 0.138714 0.990333
0.1542 0.153595 0.988134 0.153589 0.988135
0.169229 0.168429 0.985714 0.168422 0.985715
0.184253 0.183219 0.983072 0.183212 0.983073
0.199274 0.197965 0.980209 0.197957 0.980211
0.214292 0.212664 0.977125 0.212656 0.977127
0.22931 0.227314 0.973822 0.227306 0.973823
0.244327 0.241913 0.970298 0.241903 0.9703
0.259343 0.256456 0.966556 0.256446 0.966559
0.274359 0.270941 0.962596 0.27093 0.962599
0.289375 0.285364 0.958419 0.285354 0.958422
0.304391 0.299724 0.954026 0.299712 0.95403
0.319407 0.314015 0.949418 0.314003 0.949422
0.334422 0.328236 0.944596 0.328224 0.9446
0.349438 0.342383 0.939561 0.34237 0.939565
0.364454 0.356452 0.934314 0.356439 0.934319
0.379469 0.370441 0.928856 0.370428 0.928861
0.394485 0.384347 0.923189 0.384333 0.923195
0.409501 0.398166 0.917314 0.398151 0.91732
0.424516 0.411895 0.911232 0.41188 0.911238
0.439532 0.425531 0.904944 0.425516 0.904951
0.454547 0.439071 0.898452 0.439056 0.89846
0.469563 0.452513 0.891758 0.452497 0.891766
0.484578 0.465852 0.884863 0.465835 0.884871
0.499594 0.479086 0.877768 0.479069 0.877777
0.51461 0.492212 0.870475 0.492195 0.870485
0.529625 0.505228 0.862986 0.50521 0.862996
0.544641 0.518129 0.855303 0.518111 0.855313
0.559656 0.530913 0.847426 0.530895 0.847438
0.574672 0.543578 0.839359 0.54356 0.839371
0.589688 0.55612 0.831102 0.556101 0.831114
0.604703 0.568537 0.822658 0.568518 0.822671
0.619719 0.580826 0.814028 0.580806 0.814042
0.634734 0.592983 0.805215 0.592964 0.805229
0.64975 0.605007 0.79622 0.604987 0.796235
0.664766 0.616895 0.787046 0.616875 0.787061
0.679781 0.628643 0.777694 0.628623 0.77771
0.694797 0.64025 0.768167 0.640229 0.768184
0.709812 0.651712 0.758467 0.651691 0.758484
0.724828 0.663027 0.748595 0.663007 0.748614
0.739843 0.674193 0.738555 0.674172 0.738574
0.754859 0.685207 0.728349 0.685186 0.728368
0.769875 0.696066 0.717978 0.696045 0.717998
0.78489 0.706769 0.707445 0.706748 0.707466
0.799906 0.717312 0.696753 0.71729 0.696774
0.814921 0.727693 0.685903 0.727672 0.685926
0.829937 0.73791 0.674899 0.737889 0.674922
0.844953 0.747961 0.663743 0.74794 0.663767
0.859968 0.757843 0.652437 0.757822 0.652462
0.874984 0.767555 0.640984 0.767533 0.641009
0.889999 0.777093 0.629386 0.777071 0.629413
0.905015 0.786456 0.617647 0.786434 0.617674
0.920031 0.795642 0.605768 0.79562 0.605796
0.935046 0.804648 0.593753 0.804626 0.593781
0.950062 0.813473 0.581604 0.813451 0.581633
0.965077 0.822114 0.569323 0.822093 0.569353
0.980093 0.83057 0.556915 0.830549 0.556945
0.995109 0.838839 0.54438 0.838818 0.544412
1.01012 0.846919 0.531723 0.846898 0.531756
1.02514 0.854807 0.518947 0.854787 0.518979
1.04016 0.862503 0.506053 0.862483 0.506086
1.05517 0.870005 0.493045 0.869984 0.493079
1.07019 0.87731 0.479925 0.87729 0.479961
1.0852 0.884417 0.466698 0.884398 0.466734
1.10022 0.891325 0.453365 0.891306 0.453402
1.11523 0.898032 0.43993 0.898013 0.439968
1.13025 0.904537 0.426396 0.904518 0.426435
1.14526 0.910838 0.412766 0.910819 0.412805
1.16028 0.916933 0.399043 0.916915 0.399083
1.1753 0.922821 0.385229 0.922804 0.38527
1.19031 0.928502 0.371329 0.928485 0.371371
1.20533 0.933973 0.357345 0.933956 0.357388
1.22034 0.939233 0.343281 0.939217 0.343324
1.23536 0.944282 0.329139 0.944266 0.329183
1.25037 0.949118 0.314923 0.949102 0.314968
1.26539 0.95374 0.300636 0.953725 0.300682
1.2804 0.958146 0.286281 0.958132 0.286327
1.29542 0.962337 0.271862 0.962323 0.271909
1.31044 0.966311 0.257381 0.966297 0.257429
1.32545 0.970066 0.242842 0.970054 0.242891
1.34047 0.973603 0.228249 0.973591 0.228298
1.35548 0.976921 0.213604 0.976909 0.213654
1.3705 0.980018 0.198911 0.980007 0.198961
1.38551 0.982894 0.184173 0.982884 0.184224
1.40053 0.985549 0.169393 0.98554 0.169445
1.41554 0.987982 0.154576 0.987973 0.154628
1.43056 0.990191 0.139723 0.990183 0.139777
1.44558 0.992178 0.124839 0.99217 0.124893
1.46059 0.99394 0.109927 0.993934 0.109982
1.47561 0.995479 0.0949898 0.995473 0.0950453
1.49062 0.996793 0.0800314 0.996788 0.0800875
1.50564 0.997882 0.065055 0.997878 0.0651117
1.52065 0.998747 0.0500638 0.998743 0.0501212
1.53567 0.999386 0.0350614 0.999383 0.0351194
1.55069 0.9998 0.0200511 0.999798 0.0201097
1.5657 0.999988 0.00503626 0.999987 0.00509542
1.58072 0.999951 -0.00997972 0.999951 -0.00991998
1.59573 0.999688 -0.0249934 0.999689 -0.0249332
1.61075 0.9992 -0.0400015 0.999202 -0.0399407
1.62576 0.998487 -0.0550006 0.99849 -0.0549392
1.64078 0.997549 -0.0699873 0.997552 -0.0699254
1.65579 0.996385 -0.0849582 0.99639 -0.0848958
1.67081 0.994997 -0.0999099 0.995003 -0.099847
1.68583 0.993385 -0.114839 0.993391 -0.114776
1.70084 0.991548 -0.129742 0.991556 -0.129679
1.71586 0.989489 -0.144616 0.989497 -0.144552
1.73087 0.987205 -0.159458 0.987215 -0.159393
1.74589 0.9847 -0.174263 0.984711 -0.174198
1.7609 0.981972 -0.18903 0.981984 -0.188964
1.77592 0.979023 -0.203753 0.979036 -0.203687
1.79093 0.975853 -0.218431 0.975867 -0.218365
1.80595 0.972463 -0.233059 0.972478 -0.232993
1.82097 0.968854 -0.247635 0.96887 -0.247568
1.83598 0.965027 -0.262155 0.965044 -0.262088
1.851 0.960981 -0.276616 0.961 -0.276549
1.86601 0.956719 -0.291014 0.956739 -0.290947
1.88103 0.952242 -0.305347 0.952263 -0.305279
1.89604 0.94755 -0.319611 0.947572 -0.319543
1.91106 0.942644 -0.333803 0.942667 -0.333735
1.92608 0.937525 -0.34792 0.93755 -0.347852
1.94109 0.932195 -0.361958 0.932221 -0.36189
1.95611 0.926655 -0.375915 0.926682 -0.375846
1.97112 0.920906 -0.389787 0.920934 -0.389718
1.98614 0.914949 -0.403571 0.914979 -0.403502
2.00115 0.908786 -0.417264 0.908817 -0.417195
2.01617 0.902418 -0.430863 0.90245 -0.430794
2.03118 0.895847 -0.444365 0.89588 -0.444296
2.0462 0.889074 -0.457766 0.889108 -0.457697
2.06122 0.8821 -0.471065 0.882136 -0.470996
2.07623 0.874927 -0.484257 0.874964 -0.484188
2.09125 0.867557 -0.49734 0.867595 -0.497271
2.10626 0.859991 -0.51031 0.860031 -0.510242
2.12128 0.852232 -0.523166 0.852273 -0.523098
2.13629 0.84428 -0.535904 0.844322 -0.535835
2.15131 0.836138 -0.548521 0.836182 -0.548453
2.16632 0.827807 -0.561014 0.827852 -0.560946
2.18134 0.81929 -0.573381 0.819336 -0.573313
2.19636 0.810588 -0.585618 0.810636 -0.585551
2.21137 0.801703 -0.597724 0.801752 -0.597656
2.22639 0.792638 -0.609695 0.792688 -0.609627
2.2414 0.783393 -0.621528 0.783445 -0.621461
2.25642 0.773972 -0.633221 0.774026 -0.633154
2.27143 0.764377 -0.644771 0.764432 -0.644705
2.28645 0.754609 -0.656176 0.754665 -0.65611
2.30146 0.744671 -0.667433 0.744728 -0.667368
2.31648 0.734565 -0.678539 0.734624 -0.678474
2.3315 0.724294 -0.689493 0.724354 -0.689428
2.34651 0.713859 -0.700291 0.71392 -0.700227
2.36153 0.703263 -0.710931 0.703326 -0.710867
2.37654 0.692509 -0.721411 0.692573 -0.721348
2.39156 0.681599 -0.731728 0.681664 -0.731665
2.40657 0.670534 -0.74188 0.670601 -0.741818
2.42159 0.659319 -0.751865 0.659387 -0.751804
2.43661 0.647955 -0.76168 0.648024 -0.76162
2.45162 0.636445 -0.771323 0.636516 -0.771264
2.46664 0.624791 -0.780793 0.624863 -0.780734
2.48165 0.612997 -0.790087 0.61307 -0.790028
2.49667 0.601064 -0.799202 0.601139 -0.799145
2.51168 0.588996 -0.808137 0.589072 -0.808081
2.5267 0.576795 -0.81689 0.576872 -0.816835
2.54171 0.564464 -0.825459 0.564542 -0.825404
2.55673 0.552005 -0.833842 0.552085 -0.833788
2.57175 0.539422 -0.842037 0.539503 -0.841983
2.58676 0.526718 -0.850041 0.5268 -0.849989
2.60178 0.513895 -0.857855 0.513978 -0.857803
2.61679 0.500956 -0.865474 0.50104 -0.865424
2.63181 0.487903 -0.872899 0.48799 -0.872849
2.64682 0.474741 -0.880127 0.474829 -0.880078
2.66184 0.461472 -0.887156 0.461561 -0.887109
2.67685 0.448099 -0.893985 0.448189 -0.893939
2.69187 0.434625 -0.900613 0.434716 -0.900568
2.70689 0.421053 -0.907037 0.421145 -0.906993
2.7219 0.407385 -0.913258 0.407479 -0.913215
2.73692 0.393626 -0.919272 0.393721 -0.91923
2.75193 0.379779 -0.925079 0.379874 -0.925038
2.76695 0.365845 -0.930677 0.365942 -0.930638
2.78196 0.351829 -0.936065 0.351927 -0.936027
2.79698 0.337734 -0.941243 0.337833 -0.941206
2.81199 0.323563 -0.946208 0.323663 -0.946173
2.82701 0.309318 -0.95096 0.309419 -0.950926
2.84203 0.295004 -0.955497 0.295106 -0.955464
2.85704 0.280624 -0.959819 0.280727 -0.959788
2.87206 0.26618 -0.963925 0.266284 -0.963895
2.88707 0.251676 -0.967813 0.251781 -0.967784
2.90209 0.237115 -0.971483 0.237221 -0.971456
2.9171 0.222501 -0.974934 0.222608 -0.974908
2.93212 0.207837 -0.978165 0.207945 -0.978141
2.94714 0.193126 -0.981175 0.193234 -0.981153
2.96215 0.178371 -0.983965 0.178481 -0.983943
2.97717 0.163576 -0.986532 0.163687 -0.986512
2.99218 0.148744 -0.988877 0.148856 -0.988859
3.0072 0.133879 -0.990999 0.133991 -0.990983
3.02221 0.118983 -0.992898 0.119096 -0.992883
3.03723 0.104061 -0.994572 0.104175 -0.994559
3.05224 0.0891152 -0.996023 0.0892296 -0.996011
3.06726 0.0741493 -0.997248 0.0742644 -0.997239
3.08228 0.0591666 -0.998249 0.0592825 -0.998241
3.09729 0.0441707 -0.999025 0.0442872 -0.999019
3.11231 0.0291647 -0.999576 0.0292819 -0.999571
3.12732 0.0141522 -0.999901 0.01427 -0.999898
